-1.674457355365201461e-01 4.936687860698813490e-01 -1.020114302049752508e+00 -4.789347513015261848e-01 -7.184436431066277828e-01 -9.362162968342310210e-01 -6.900667098976979164e-01 -3.459618236571079808e-01 -4.158290622400347969e-01
-4.705494843952739981e-01 -4.985672464124403236e-01 1.146194869672511885e-01 -1.030284933087225685e+00 5.050291483182198782e-01 -1.223058854523030980e+00 -6.176561982655487393e-02 -5.111772134799171807e-01 -4.952863504526108795e-01
-9.023288151628557907e-01 -7.279992046950360951e-01 5.596453977866898688e-01 6.287488384396949792e-01 -6.229388331442956561e-01 2.876530713017738661e-01 5.506806252745682917e-01 7.153569899327716364e-01 -5.973358891319840991e-01
-1.420825404118234436e+00 -1.144010417804856017e+00 5.317376737031971334e-01 -1.088005369665875799e+00 -4.040740362393645535e-01 1.121784605588761696e+00 -9.860975871581385832e-02 5.083583241328115676e-01 6.257834606682667333e-01
-3.177674017696749953e-01 1.081117432811029427e-01 -1.562120529298793636e+00 7.461605518390969360e-02 6.923211267511002465e-01 2.233383362386034271e-02 -8.988837393499222728e-01 5.126933256108501952e-02 -1.853651520896951954e+00
-1.489391852018154272e-01 8.875290392012006313e-01 -5.444965630664382328e-01 -6.264956905914391694e-01 -8.377396233967961958e-01 -1.360676273648401491e+00 1.507286516409379329e-01 -7.959594019651994312e-01 -1.141625923071271753e+00
-9.576786708833337491e-02 -9.718126474913726387e-01 -1.431043453016518086e-01 -9.488264136731818787e-01 -5.123750104071782968e-02 -1.090863884243150339e-01 -1.111263221940894663e+00 -5.747819873997113138e-01 -4.546258062110490883e-01
-7.798282119240717014e-01 -1.454698668272238038e+00 -5.207753781745972921e-01 -1.349008355123815228e-01 -4.103886759693113340e-01 3.890088167227043203e-01 -2.956021847195801078e-01 3.464252225855581346e-01 -1.283027955414587584e+00
-7.856764164495666503e-01 5.510708725654145379e-01 -3.781651856173993270e-02 -6.723150374580042499e-01 8.816893132691883128e-01 1.366939670173826227e-01 6.057277575031714267e-01 8.557518781913471262e-01 1.983736717124590765e+00
2.683444857593499933e-01 5.107854434705877411e-01 -2.813834243267480106e-01 -6.677565889561432044e-01 5.656417617233442385e-01 -3.109862373265743218e-01 8.081721076662862213e-01 2.676883582416357821e-01 3.530009558478930942e-01
-1.001339056486922452e+00 6.354374266171812780e-01 -3.843604372628559585e-01 -1.377927984750454693e-01 -5.244440591362230508e-01 -8.834897201781460874e-01 5.606636159875919567e-01 -1.067314288323066435e-01 -1.243383549817114853e+00
3.388837548866917015e-01 -3.503813706916876769e-01 1.122665285422467241e-01 7.324616473906184755e-01 -3.989836329987821451e-01 9.280418188218508835e-01 2.410720231523617585e-01 -8.408861827364149111e-01 1.504822866807121073e+00
4.172134074147668126e-01 1.018382061890239720e+00 -5.635539932205260172e-01 -8.400595952727787363e-01 6.825709837652527145e-01 3.449663280445733893e-01 -9.872693241933588881e-01 4.673829958583215483e-01 8.016143000160627086e-01
9.456905798994060808e-01 4.150864298559610033e-01 -8.499200759499629942e-01 -8.954123102290799663e-01 -1.013340073014203258e+00 -1.211658491944768157e+00 -5.296030371420064053e-01 4.480403130167841530e-01 -6.051405522796621250e-01
-2.142947631477814530e-01 3.710349022371287608e-01 -9.951226696315262910e-01 -6.457685134777214619e-01 -6.041281026891245909e-02 8.879628618317559896e-01 -6.902966467790992711e-02 -1.022852628294461441e+00 9.962041810095060290e-01
-2.192211646240282974e-02 1.086860803750792082e+00 2.620977961979060189e-01 1.026572214510856229e+00 7.546289570360686927e-01 2.296760748890312454e-01 -4.930658319946997215e-01 -9.309949363127929534e-01 -1.297885063639110159e+00
-9.251571308487608336e-01 -8.220997871784604394e-01 -7.321230617388708728e-01 4.279359148723360651e-01 9.888521907364244967e-02 -1.183811460743034116e+00 -9.312010460527162525e-01 7.702089909826117520e-01 -3.153467111975711279e-01
-1.026741425407529551e+00 -9.054335072077982494e-01 2.080298536446796576e-01 -8.603657788135432583e-01 -8.497461350108238831e-02 7.467021672390151688e-01 4.421830215023032640e-01 -8.524694254745454058e-01 -5.108825125083674701e-01
6.320530294045445530e-02 5.333533315602836389e-01 -9.849055076573687284e-01 -1.250198664023958406e+00 -1.089129713560465396e+00 -4.592553534524473902e-01 -6.477733917207700864e-02 -1.518033016110653388e-01 -9.295255993161483099e-01
1.394029926637075922e+00 4.948650891962614318e-01 2.048693911662753386e-01 3.189336973935530950e-01 6.332015393657211000e-01 6.084128230771473911e-01 -2.007877284750938796e-01 -6.396556364362995240e-01 1.406360740314466784e-01
-2.581690779606789499e-01 -1.047250763375407567e+00 1.851931441276860046e-01 -1.342680111580975888e+00 -9.401360225660829739e-01 4.282225278646915601e-01 -9.525768726589217694e-01 1.713125316012463206e-01 5.577498008321968292e-01
2.995341826532187390e-01 -9.484727796367967700e-01 -1.426923939680512898e+00 -3.035680600004158070e-01 -1.151283416324057063e-01 7.049742479477634494e-02 9.166347453349871222e-02 -1.614631374247329054e+00 -1.307951039281723293e+00
1.436112418525379020e-01 6.994113267426402825e-01 9.038060884183862775e-01 1.078418436287107152e-01 7.364488290081746547e-01 4.982382980166832898e-01 -2.356764810276232580e-01 9.264015737784568258e-03 7.672282865249914208e-01
-3.703103094809343521e-01 4.303523891541657931e-01 3.542360972966899779e-01 -5.798994334743494683e-01 6.068763842462850944e-01 -1.179218326628892477e+00 -1.139854735108499550e+00 -1.288152797448416598e+00 -1.116009409968360178e+00
-1.209571463956720327e+00 6.525452419188256803e-01 3.282410349517843051e-01 -1.185718797144142744e+00 -8.682972225979572745e-01 -6.826702581597188235e-01 -9.586061836443804385e-01 3.698542264279257585e-01 -7.557376395472381603e-01
6.939624535509650860e-01 -6.058828525438471335e-02 7.332934609297053763e-01 5.944762311520661591e-01 7.228999233222874743e-01 1.243745316511998683e-01 1.177768678276208819e-01 7.330469271688156985e-01 1.838962485399170677e-01
-2.537414171019795606e-01 2.741104914895405812e-03 -1.185424064388320042e+00 -8.512669080838919378e-02 -4.483597617459428863e-01 2.193372302159794507e-01 -6.757647231950184574e-01 3.756298980665574994e-01 -3.719669497884291465e-01
-5.599159651305724017e-01 4.874592277827938247e-01 2.247488907085555543e-01 -8.960827439205941713e-01 -3.256463218454359598e-01 5.019233996578222889e-01 9.103838407944031541e-01 -7.397154220339869912e-01 2.045406924246477853e+00
-1.021919170987317244e-01 9.851051003414635909e-01 2.099044840310346216e-01 5.961010141596290168e-01 -4.961632147097610329e-02 6.604652351854461978e-02 -5.932561846712466336e-01 -2.869897865098710102e-02 4.763170855220456579e-01
9.953142994241631625e-01 6.802711855310357159e-01 4.846574783890975069e-01 7.300518788423073779e-01 -4.195452076237872197e-01 1.862222971022146900e-01 -9.316376538579645983e-02 -3.289964479287968424e-01 -4.156643804184407265e-01
-7.781593323833010389e-01 -8.781808284549666999e-01 -2.300885460838722751e-01 -6.974239233885181077e-01 4.576602034389015694e-01 -3.815433825929392953e-02 -1.102144189008748221e+00 -4.864369760510165452e-01 -4.607489983246833565e-01
-3.031096906473714769e-01 -2.431107793069144096e-02 9.126103619864193994e-02 -4.467913229218758997e-01 -1.125834857133628075e+00 -1.086500769758406815e+00 -2.240167274445916887e-02 -5.451356511870788513e-01 1.064958761741973958e-01
4.895113828673271494e-01 7.473103739024195002e-01 3.857613419556932821e-01 9.481419346950198390e-01 5.158626642370520710e-01 3.519639684870894958e-01 1.566402185601390717e-01 -4.530486355932123455e-01 1.586989004597569586e-01
-1.017345323735135976e+00 7.430997280475845068e-01 -8.763290612745706643e-01 3.535810188529876497e-01 3.994625359091611982e-01 9.286815344057494648e-03 -1.671177687191004457e-01 -1.022538059605055283e+00 -3.262721124775203596e-01
-5.024546034001167172e-01 -7.794948510895031157e-01 -1.959725204895465533e-01 -6.750796827102466535e-01 4.972771287184491462e-01 3.064245951562262760e-01 -8.617165304733419573e-01 -1.249982435218247812e+00 -1.363613033252751627e+00
-4.468615549712063317e-01 8.366723449313614698e-04 -1.149650995772312223e+00 -7.664093297525281789e-01 4.389471770059981126e-01 -5.896517807925180099e-01 -9.346252833701873541e-02 -9.278393733373592189e-01 -1.488180512742751871e+00
-3.680964729472402941e-01 -3.840559017575500556e-01 -9.746904252626671372e-01 -2.290088563473655359e-01 -3.102580246847352896e-01 1.127259304546110730e-01 -1.128519419128144463e+00 3.654144243782991852e-01 -1.712906555686250221e-01
-1.465003095867567218e-01 2.470118138694895327e-01 -1.388561945707446288e+00 -5.114399978329059460e-01 4.617213595564415018e-01 4.158431648013409254e-01 -1.091575578698153054e-01 5.914068043009230724e-01 1.029730190622840658e+00
6.355709844386100427e-01 6.636959365603345429e-01 -6.941927687454356732e-01 2.301234625755213536e-01 2.870328642893820170e-01 3.328742724996181512e-01 4.857071981802500993e-01 -9.809412908117992602e-01 9.344028924009091241e-01
1.280253792944374969e-01 -8.375852639778691433e-01 -8.728208337636345071e-01 -1.068320658178224247e-01 -7.489054434783616321e-01 9.110470089678443517e-02 -4.797223770201913817e-01 1.492397237196997906e-01 5.241232799518105168e-01
-6.910925595532969590e-01 -1.047110423229937526e+00 6.746298988737803315e-01 -1.928519208981644417e-01 6.188921362840955620e-01 2.256042691836735725e-01 7.754382498769230025e-01 -3.115458795544263568e-02 3.639445465166317173e-01
-8.854702813896665470e-01 -4.020165391296902646e-01 -1.091626539474523705e+00 -8.117136825801702926e-01 3.951549216586204283e-01 -1.006493870679127323e+00 -3.190145291694764240e-01 7.922519281483759723e-01 6.486649547387086656e-01
1.767726136315124763e-01 -7.337132105187778031e-01 -3.031437001369887141e-01 -1.228561245643263605e-01 7.310018536027510505e-01 -1.004780488233830704e+00 -8.004501190280521872e-01 -8.252071465395172112e-01 -1.506569754815261231e-01
-1.013031584360174348e-01 -9.454474356598903118e-01 7.965627074328157642e-02 -3.582303003444382572e-01 8.054563410737863860e-01 2.153362950368083173e-02 -6.812918938581840056e-01 5.885338111513881421e-01 1.526734374557997986e+00
-6.712872041576555260e-01 5.083724918640503132e-02 -4.031211065551439932e-01 -2.224721087838055500e-01 6.387031534420718470e-01 3.572374082131248851e-01 -1.228370338400337713e+00 1.621790233195565811e-01 -3.476985366026294488e-01
3.840227106960191761e-01 -9.669671563436565975e-01 -8.557183097231413349e-01 -1.274066311713272670e+00 -4.274836926202000287e-01 -9.736279224160201418e-01 -7.617706738350882301e-02 5.340992449003155729e-01 5.768717160513604503e-01
9.089624037201400608e-02 -5.650454627952233855e-01 4.242395377138629686e-01 -5.275223638818293814e-01 4.575855840240601879e-01 -3.805000150164413592e-02 -1.031770554010111640e+00 -1.059212492058420940e+00 -1.438636070436674519e+00
-1.043938285538223765e+00 -2.043740467049533216e-01 -9.894543927222688717e-01 -1.089369769753094408e+00 4.114243148114359316e-01 -4.481658751096221360e-01 3.257066633165428549e-01 -2.658955602995538015e-01 -5.072418622009985389e-01
4.851760319673639049e-02 9.913856191367048654e-02 8.598442894134658010e-01 -3.133133380709036964e-02 1.023645967816756208e+00 -7.509350515173230933e-01 7.353645258042796895e-01 -6.871355613971025234e-01 -1.852045308392422096e-02
-6.698704098515636529e-01 2.171404462443584094e-01 -7.054803187325970892e-01 1.253077616738053290e+00 1.017116619208573658e+00 1.001781553928572377e+00 1.151699716876020352e+00 -4.710171029167793399e-01 -1.719977007564630067e-01
-8.190455396160555290e-01 5.582940913553323913e-03 5.589265630529925977e-01 6.774799431353035750e-01 1.274631144435973973e-01 7.004772453770463647e-02 5.996447083555248581e-01 -5.205671089305410337e-01 -1.188250457513627456e+00
-9.444953914890905633e-01 -1.041462375627770998e+00 3.078535698300962076e-01 -8.819900830758484744e-01 -6.346955860689094120e-01 4.538900085787540006e-01 -4.844366437651928536e-01 9.235549639029456692e-01 -4.837513918938440849e-01
-5.299636327303661743e-01 -9.610610873246616670e-01 2.894500044940900296e-01 -6.755083554972790560e-01 -5.712153060281948136e-01 -2.661704279289346387e-01 5.441293902254615844e-01 -1.176594446309842557e+00 5.859730647992495989e-01
4.517961469553021803e-01 -1.347310896909608147e+00 -5.425206138275195933e-01 -6.443696523721044178e-01 3.376537505123989868e-01 -4.956696429497522982e-01 4.660637813253055983e-02 -5.759369930367859158e-01 -5.756281704834163016e-01
-5.763924901564577707e-01 -1.114674942809697811e+00 -6.986949748112063208e-02 -5.954203006544663834e-01 -1.943477015044622613e-01 5.286976841559924978e-01 -3.565369675772364633e-01 -7.019668013066058254e-01 -4.778172535627587814e-01
4.602670364533735792e-01 5.200825953374557109e-01 1.799292780513515322e-01 4.914770736820845976e-01 -8.286979255310580328e-01 -1.369248086556902111e+00 -9.427829770464990489e-01 -8.358151176195594001e-01 -1.614644887122056671e+00
-6.717926315994705855e-02 -4.457449484428656072e-01 2.781844166455896827e-01 -7.799127362392475060e-01 2.705023810374370119e-01 -8.285696815416406791e-01 2.071270095480503767e-02 -5.189757705392921139e-01 -1.473913740837041075e+00
-1.006008688552497254e+00 -1.809465743629052881e-01 -4.748616563216435105e-01 -2.223181817338079902e-01 -9.865866622706850331e-01 -2.222548027425229056e-01 7.945130931225450333e-01 2.850985166245333380e-01 -3.327179335059320398e-01
6.691924016971151357e-01 5.773028328682718868e-01 -1.669241902476087044e-02 -1.295540687834223714e+00 -1.142393525864785042e+00 -1.074954387435583136e+00 -3.254688216446773863e-01 -2.685290369040352343e-01 1.423689327918133740e+00
-1.419022805514556618e+00 4.247414217754025278e-01 2.325595585674252938e-02 -1.670415119444974283e-01 -3.125977292560237486e-01 -2.665569382093733175e-01 -8.702370193424202593e-01 -1.606854766835911663e+00 -1.039860727893825665e+00
-1.913526043994262238e-01 2.964660703436194922e-01 -4.560826605344199813e-01 -2.664135986626423036e-01 -9.113707944593379962e-01 -1.579935249901815553e+00 2.386991363999516613e-01 -9.060078586719906291e-01 -3.883761670502461349e-01
-7.537679433129591544e-01 -4.959149805032499470e-01 -2.878222356050225139e-01 3.872637031781037131e-01 -1.907453556696241670e-01 -1.151271605460727487e+00 -5.279482225538142393e-01 -3.141538223320382572e-01 -5.177910236229229524e-01
3.792957590010794799e-01 -1.042906558432371344e+00 -1.364871346844583222e+00 2.122696270136751381e-03 4.102354846469711824e-01 -1.303808791026200620e+00 2.685477878457855905e-01 1.274512151384113445e-01 -4.313803515490047258e-01
1.091684322809246099e+00 4.457875958438699548e-01 -7.819705023477402372e-01 9.565139167753054783e-02 7.568723978598698165e-01 7.817403835667934286e-01 4.016227925815252786e-01 4.046594538037990851e-01 4.064004717103975040e-01
-5.929545473537870537e-01 -9.919478048910893020e-02 8.262540866797006556e-02 -4.015080372941758347e-01 5.242074334108185463e-01 -7.808129870782914983e-01 3.636734258815079168e-01 -5.650130392495086307e-01 5.125613168313677415e-01
-6.213680599749989986e-01 1.549598687715101897e-01 -6.704400335404444577e-01 -1.082464878991086232e+00 1.223081166650198948e-01 -5.326881968080374730e-01 1.254548289553354123e-01 5.018583851445360677e-01 9.770929893451295312e-02
-5.181576601677769789e-01 -5.074913050655012192e-01 -6.675183968596656303e-01 -3.803133435829901821e-01 -1.072213821015720381e+00 -1.017252176501917793e+00 1.373791930337436018e-01 3.160114293347874859e-01 -1.356271270959222397e+00
-1.035539499351136206e+00 -1.066357139568645973e+00 3.513912956073072524e-01 -1.754443530813465379e-01 -4.379993245190103024e-01 -8.445300559615116498e-01 1.429757444789266363e-01 -4.979665300926445215e-01 7.356534198422397530e-01
1.565083820873056641e-01 -1.982442976961833470e-01 -9.986828234053956033e-01 7.411973405858544028e-01 -8.043184532792079233e-01 -8.980379641037095073e-01 -3.342207011052705790e-01 -4.100668633402706487e-01 -1.259032446967860874e+00
4.273417568469264349e-01 -6.124193458931876943e-01 5.456280164710264335e-01 3.439198203635386308e-01 -6.769484017947612342e-01 4.520311508379102894e-01 3.881200546774785654e-01 3.627269160449806407e-01 8.635381558879409170e-01
-7.311466165888405033e-01 2.201494423244684528e-01 6.240797291420309145e-01 -5.355956364827011429e-01 2.744573545888522315e-01 -1.259123698802127267e+00 2.634404149950348994e-01 -9.998964578682880688e-01 -8.336519276202238871e-01
-6.083610641831966870e-01 -9.823864394621237839e-01 6.603663951820518685e-01 -3.941129359885696126e-01 -2.627142622343217951e-02 -1.762313329758998515e-01 -9.302916777773605483e-01 -8.433015337651004195e-01 -1.343268540930499411e+00
-2.311957947171786043e-01 -6.385550536036911362e-01 -5.676459447234725175e-01 -9.453381401394127526e-01 4.838627225012633315e-01 -1.032859515258970795e+00 7.935897387536993142e-01 -8.051037644460384834e-01 -2.335031832330075607e-01
-9.795165985337130898e-01 4.303297809839628507e-01 -8.844196361472412837e-01 -3.365368865208632349e-02 2.905849897926949810e-01 -1.015255436339445261e+00 -4.093559224280943210e-02 -8.098754025948318169e-01 1.413833283060443313e-01
-3.377563701418536679e-01 -1.396660803207447454e+00 1.205023277986887464e-01 -1.521871548866477797e+00 1.611868403442529574e-01 -1.944041497050709444e-01 -7.203047972802156806e-01 1.551627602326433042e-01 5.344185013301377962e-01
2.137806601538344009e-01 -1.080223835119051845e+00 -1.414912033724575968e+00 3.525102891610095712e-01 3.225057210779942451e-01 3.900153534008217182e-01 -3.481655510227045225e-01 3.262541276763925024e-01 1.129235496148241591e+00
-4.253632924547736671e-01 3.184203287687946138e-01 4.116184463397895565e-01 1.281408068733686789e-01 -3.598489746383590759e-01 5.299070067285032160e-01 -1.026677393438829577e+00 6.707538063206865964e-01 1.609969637299456302e+00
-4.301815788773168947e-01 -7.368503392494815118e-01 -6.900627817674663822e-01 -3.023597244582144072e-01 8.144407687799123385e-01 -1.314942679041199991e-01 -4.153727713147248313e-01 -9.148700271075744794e-01 -1.169181121876600837e+00
-1.100180466629877146e-01 -6.396571378168992572e-01 -3.668204722295830833e-01 -3.320453850845552224e-01 4.651188174062249048e-01 -4.484598487437430059e-01 -4.239629003334111079e-01 1.517827220918292475e-01 -1.070905107764380526e+00
-2.131983107808176625e-01 -5.858107963086607306e-01 -5.783189137350395331e-02 5.467189904020817171e-01 -4.029460116128733005e-01 1.455248044345040792e-01 -3.134900441844893915e-01 -3.452427618100689655e-02 -1.246364283538817341e+00
-6.934120922236070017e-02 8.580038152408911989e-01 2.376240609083039579e-01 6.237146104885880060e-01 9.060526246149804008e-02 -1.702781380506155143e-02 7.789317856242685689e-01 -9.152595871800109917e-01 -2.224008488881770718e-01
1.053007615754345982e+00 1.957040037972478941e-01 -3.480350140680021354e-01 6.824365373530576484e-01 -4.959373700320270917e-01 4.145132418258755114e-01 3.714632895268637353e-02 7.353049834493236014e-01 -1.150291490612147388e-01
5.480356633409518008e-02 -1.484255363672085437e+00 4.845904264529004024e-01 -1.450248536004110189e+00 -8.486101355787386558e-01 4.888273852059238367e-01 -1.586922585271938191e+00 2.492878093495356495e-01 6.231976667143404036e-01
-2.872652753262773251e-01 -6.181445975901281864e-01 6.409168575039916327e-01 -1.400296016451157977e-01 -7.891801497792102493e-01 9.925348960412537780e-01 6.898382687761126508e-01 -6.685886750736973194e-02 8.832587316140162459e-01
-2.939769304289542862e-01 2.933687888698220392e-01 -2.704139156310976233e-01 5.346027848528148076e-04 -6.026438205945942039e-01 8.161392339048936240e-01 -4.774491328390135791e-01 -1.026949916408570029e+00 -1.417039616753760445e+00
-8.430641272510449591e-01 4.493143583723211432e-01 3.491145389120716147e-01 8.522529663544092804e-01 1.042967727279930645e-01 1.001052924840833080e+00 6.748067300533079349e-01 8.406408886975201833e-01 7.160304804227515252e-01
1.668349701622606112e-03 -8.636035963634879353e-01 -6.680838407339552143e-01 -8.542087464966311439e-01 -2.701641863143462441e-01 -6.468319332629808294e-01 -3.556203341531455897e-01 9.269355656819290301e-01 -3.407323485467403934e-01
9.086164507328668982e-01 2.155469718432895254e-01 -2.312944435656410780e-01 4.665572247824537055e-01 -7.897255848892791030e-02 -7.814337388284625652e-01 2.948869006112256330e-01 -5.311468168572185400e-01 -7.239623189220623090e-01
-1.058326692355238408e-01 5.452598326455987410e-01 -1.402339934775395924e-01 7.450577751807749838e-01 -3.432995234373161231e-01 4.265233063538538261e-01 2.293839790242951093e-01 1.033305659281298805e+00 1.600362084888692804e+00
-1.136921956750788887e+00 -3.834031392839196140e-01 2.607189142664294024e-01 -5.146794536833410039e-01 3.894122854684964330e-01 -8.587450989705798232e-01 -1.997375712180784468e-01 -5.731272720733469189e-02 -9.235628969446749714e-01
-1.214760857336688371e+00 -3.977207860572627984e-01 7.508926591022738739e-01 -5.838468926822364402e-01 2.766386364204320714e-01 -6.576363225543693236e-01 -5.795478340544730766e-01 -7.375612826187988302e-01 1.081300576066932528e+00
6.485107447673607028e-01 6.904652218967591848e-01 -2.466693587194234427e-01 5.402941626988536639e-01 -3.629141218704749483e-01 -2.024813925851499941e-01 -1.662642505496778611e-01 -3.486834566744524411e-01 -1.494979590651183354e+00
8.631073807573540202e-02 3.149910659475054220e-01 4.864446785320691163e-02 4.486902276434332620e-02 -8.701670807435932797e-01 -1.082303439380289500e+00 -2.883920909358919094e-01 3.554676362131823919e-01 -1.407762631430409694e+00
-2.938878469763719359e-01 -3.818662968954151804e-01 -3.251710853253029221e-01 -9.338109781382412100e-01 -6.122439294371178065e-01 -9.232992017174138644e-01 4.220228539142250601e-01 2.065514759150803847e-01 -8.337045831996539036e-01
-3.373453254277764546e-01 -1.197204149117442107e+00 -4.494524964792435129e-01 -8.690161005342497136e-01 3.706164332671700867e-01 1.298033898667219806e-02 -2.026220907204956401e-01 -1.106760242486024559e+00 -4.626798568536391043e-01
1.074227355773777370e+00 9.251788435790806453e-01 3.574981491343499629e-01 -7.450285326535646124e-01 1.743148879961938236e-01 1.740130931981547224e-01 -6.541245900583207706e-02 -5.375384806577251234e-02 6.939793972484260554e-01
3.791767400375350427e-01 2.156071594342318098e-01 -3.039921592078230206e-01 4.807655888721577564e-01 -1.227220265885353045e+00 2.819510044761120993e-01 -1.376470628122056450e+00 -1.316161521433847792e+00 -1.592318391978360115e+00
-9.460993808723278109e-01 9.782801255713469146e-02 -1.192240668895593103e+00 -4.699041764091156925e-01 -8.973061049698296543e-01 2.561575032936995733e-01 2.677242154881450120e-01 -2.854356408458119110e-01 -7.763329727809101799e-01
3.910092241935063107e-01 -3.959784720907079114e-01 4.752707074524407105e-01 -3.724186788717087637e-01 -2.689157988732175375e-01 -1.333357202431300736e+00 -2.789199443450138260e-02 -6.160331329619723739e-01 -9.918245615811713822e-01
-1.434267353067383566e-01 -3.579254350404993956e-01 -2.007799962677520311e-01 9.827215673592589740e-01 -3.000837524939165557e-01 5.659439061458717557e-01 2.221866984951380020e-01 9.132790377359715217e-01 -2.841937413867781648e-02
-6.327184190540438014e-01 7.075756239207826592e-01 -1.159743642061900948e+00 8.589170271353474551e-01 8.745839095713907330e-02 -5.882989211487760217e-01 8.661499591548681432e-01 -1.250905656512022679e+00 -1.067141521998776321e+00
-1.644476599996795407e+00 -4.502333175892266337e-01 -1.146379681182033039e+00 -5.009720630747757086e-01 2.953686539226849095e-01 3.312199100548166020e-01 -7.328303982445878439e-01 1.097456241362694124e-01 9.105250902315640271e-01
-3.380909143524725713e-01 -2.827776033260306909e-01 -1.126349364469056979e+00 -6.147514598305138245e-01 -1.068987956090759806e+00 1.134399682577241601e-02 -4.714515545534666008e-01 -5.313221783125521291e-01 2.018792798518715403e-01
-1.681959052819077816e-01 -3.339740626187483463e-01 -7.314030635419154214e-01 -1.129734350926900222e+00 -3.879408097486592988e-01 -1.313115657637796918e+00 -7.153923179233706575e-01 -2.720091005133280504e-01 4.802493488167469127e-01
-9.411137822713412371e-01 2.361685881820204669e-01 -2.044788178187968986e-01 3.258288000231179260e-01 -9.132632766325788909e-01 -1.233961022673134345e+00 -4.866494321017416635e-01 1.951019268275125951e-01 -1.420065854819687612e+00
3.809558073023611713e-01 -4.836283750806267823e-01 -7.300669320381651950e-01 -1.213659970978280045e+00 -3.541558133653290863e-01 -5.278573859580611982e-01 3.965076283670844470e-02 -1.096794004033099235e+00 -1.175193338256681708e+00
-1.384149933101071817e+00 -1.250213702437240171e+00 -1.960119496287450191e-01 -5.248214639824644312e-01 -7.502424561159470873e-01 -2.307585442551466082e-01 6.913235524235038509e-01 3.978284019238126357e-01 2.601258189149947553e-01
2.126102033929976043e-02 -1.631301974805424271e+00 -1.473656519704442225e+00 -6.876557157544117560e-01 -8.380067807467898033e-01 5.982107327313694878e-01 -4.501570434039487978e-01 -7.449891624795167144e-03 1.389851715010738786e+00
-3.688166325544845470e-01 4.661706631125360212e-01 -9.453734141739730257e-01 -7.423081826126017857e-01 -6.413953251673609746e-01 -3.669329442311778933e-01 -9.273295446029311551e-01 -4.102397511667293939e-02 -1.301667184511753339e+00
-1.041583014563037812e+00 5.506944730573679614e-01 -8.177086083655904503e-01 -6.264013731069028035e-01 -2.574818962582424708e-01 -4.392288159699362926e-01 -1.156468778948035681e+00 4.513243330756811500e-01 6.145002346340532329e-01
4.655860325700595520e-02 -9.592148012428265424e-01 -5.069108051549765515e-01 -7.765214077050818231e-01 -3.195186057309978289e-01 4.265898808033576906e-01 -7.967630506765380760e-01 -1.248611164261396872e-01 -1.004576084248598455e+00
3.640401286202986642e-01 -4.167136724381235169e-01 5.277494958472771502e-01 2.077382241312187294e-01 3.710082244243488314e-01 -5.823698952390624628e-01 -9.219696108527147826e-01 -1.385495178030168972e+00 -1.583363663436256674e+00
-1.326341467571358068e+00 1.326532387737696106e-01 -3.674488338419757121e-03 -4.379737643031680339e-01 4.233527767071845749e-01 -1.275252790882947240e-01 -1.132677780701303538e+00 -7.528241149838285073e-01 -7.035091936827937431e-01
-8.105216587883360413e-01 -1.244002155607351723e+00 -2.126689585481364997e-01 -2.303600829996152177e-01 8.814631089531051178e-02 -4.559517579976425927e-01 4.658475309997928138e-01 -3.120322143790048575e-01 -1.520100763873716287e+00
1.154167609380467141e+00 5.625643321926413476e-01 8.868694412318717246e-01 1.106370147037048168e+00 -7.868745937966811210e-01 -3.708412527948761195e-01 -5.990867768603055366e-01 1.111427437391130230e-01 1.171872932634735243e+00
-1.145831804230378337e+00 -2.410641316620228125e-01 -1.036916643539949057e+00 7.612983866799173660e-02 3.507211723520519131e-01 -1.352599820106578976e+00 -4.640505984747009816e-01 -8.202549015552801359e-01 5.152102836217133941e-01
8.239400050016517651e-01 1.710309126157072146e-01 9.566404028686174010e-01 -6.970739581879474844e-01 4.134349674122259621e-01 -3.166402621807300477e-01 -8.745452656151242454e-01 7.387042594896079395e-01 7.787167710411878607e-01
-1.466639673245996311e+00 2.571724905358678259e-01 -1.033652123866868056e-01 -4.261181403517321775e-01 -5.627885889300225262e-04 -9.692816776857866579e-01 -3.262931305616951771e-01 2.914082940382641262e-01 -1.268374784963151036e+00
-9.541337611828194509e-01 5.958903202330227966e-01 5.275411537801662221e-02 7.120717141792637372e-02 -3.923699526689110040e-01 -6.266456584026161014e-01 6.724719870490479812e-01 -4.557567545216856253e-01 -2.073901900371608154e+00
7.252960043015049818e-01 -6.339268513150760898e-01 8.033007356246664177e-01 5.613378501449558522e-01 -1.764717030226196359e-01 3.397531586346320687e-01 -6.164644676949607160e-02 3.204890835560349482e-01 1.293488891591781043e+00
-4.324206308112054642e-01 8.230759090773061004e-01 5.848075703251336133e-02 -8.364104441719395489e-01 -5.849979124226774019e-01 -4.848955842943329653e-02 -6.349284508607738742e-01 -9.254368883409438418e-01 -1.204788221195004061e+00
2.189303449731375487e-02 -3.785138500749545276e-01 4.405104772630974996e-01 -8.119311536330049428e-01 -2.639820216723396951e-01 -1.257679241938877979e-01 -1.436232398199019378e-01 -1.113816980267626544e+00 5.387145815505527402e-01
4.418235873051575835e-01 -3.863079270274057953e-01 -1.125347783347491859e+00 1.626547892473594603e-01 -1.365465182977254166e+00 -7.713456856720297683e-01 5.126148315027510005e-01 -1.560702712493774735e-01 4.168671068311182726e-01
5.005093037431402464e-02 5.464672422497801607e-01 7.521215475793370242e-01 -5.012397243436078620e-01 -8.378159586247513335e-01 3.948435577493148441e-01 -2.893140286295212138e-01 -9.328133397842726104e-01 -6.247680160263150567e-02
-9.636346176454209100e-01 -5.766374133464949869e-01 5.558058038859580163e-01 -9.070835850194922667e-01 -2.767814683920982732e-01 -1.032225693975342917e+00 1.088392840232781156e+00 1.258640052653080543e-01 -9.650550668126683940e-01
6.739477686842839654e-01 -2.533319417976875321e-01 -5.634073867078179809e-01 -1.375922100412317051e-01 -8.729240952732966186e-01 -1.060409523996686199e+00 -6.175153444584388085e-01 -1.037445248666689634e+00 -7.825439440631140053e-01
6.124071901828025133e-02 -1.168162675654777605e+00 4.722521779399214692e-01 9.411930687715003296e-02 1.617823507317732168e-01 -2.367428320795325891e-01 -1.347583044632373328e+00 -7.391723995977438344e-01 -1.354310084098831801e+00
1.086350506429634849e-01 -3.186761718793231224e-01 3.165929362117308465e-01 5.351255798628209992e-02 1.131141170742476082e-01 2.357664500423979625e-01 -9.098309476928215789e-01 5.493209891856896121e-01 1.265433490234834091e+00
5.690292619756213144e-01 -8.139478633105953209e-01 -1.037154047115371291e+00 -6.256838645795618215e-01 -8.269023024705354219e-01 1.032257411867414446e-02 -1.963850749540846929e-01 1.323958038980321871e-03 -8.848815885169333262e-01
-1.075354384438138133e+00 -1.019625227766903786e+00 -5.886155063051965453e-01 -7.918324069475882743e-01 4.779585269950922810e-01 -1.335760669673704271e-01 1.284000784486273861e-01 -3.431118376291344974e-01 -1.520040218114695918e+00
-1.022910478048576488e+00 -5.106549551531069930e-01 -9.704798258749599560e-01 -1.305865056029918314e+00 1.809554072944310754e-01 3.367582665654950125e-01 -6.049202106469864226e-01 6.466303383978040387e-01 1.668675478235189802e-01
4.115240428665888350e-01 -8.025586250272302713e-02 -2.578928765622282016e-01 -8.716259131341939081e-01 -2.833036172519831086e-01 4.678481703437819550e-01 -6.300169323462988524e-01 4.738249832465996625e-01 6.247780400142313173e-01
-6.637970110972092330e-01 7.343287805460462642e-03 2.174853820006019400e-01 -1.313951689371457787e+00 2.211366341185748985e-01 -1.416939945063113937e+00 1.558003752414732768e-01 -3.556320766601091532e-01 -1.376584384297263819e+00
-6.198878810697987518e-01 3.384171625506476877e-01 9.028277536180260299e-01 6.583295021541668568e-01 2.902533260386307434e-01 1.127528363083889262e+00 1.736052619326292901e-01 -5.583006387651345825e-01 1.121016710030681846e-01
-4.510928332473166380e-01 8.085971731990353462e-01 -6.272613768940400458e-01 7.536508722381052294e-01 -2.082526251731359190e-01 -1.275574127011269265e+00 -1.181101949550703578e+00 -8.281049568519001092e-01 -2.076271193478607557e+00
-4.135037253699387350e-01 -6.741173246714029510e-01 4.851523088742142331e-01 8.009304927658690565e-02 -1.291207889963171818e+00 -7.692396898180281495e-01 -6.519337470299265691e-01 -2.183348780125027311e-01 3.495106925740251724e-01
-4.850436508384544099e-01 -5.010246376651286138e-01 -8.187922001225139690e-01 4.989630320897703308e-01 -1.175686356627072549e+00 3.903967513727066296e-01 -9.392604622919665802e-01 1.246859019463516655e-01 -6.150344318709783931e-01
9.419014193054138229e-01 -6.636392223472347141e-01 -6.685163692900636390e-01 5.901703143171090904e-01 9.480676674795009140e-02 -7.641780627776019186e-01 -1.226363429930057425e+00 -8.710669072956590542e-01 -1.724215373409495156e+00
-1.207873005693347990e+00 2.678475712129912423e-01 1.576423373167597786e-01 -1.145234221584015416e-01 -4.747424229091956049e-01 9.209328445604536562e-02 -4.781284921237496932e-01 -7.359351379111165325e-01 -1.223002528645657394e+00
6.294851112164843165e-01 -4.757054197879514446e-01 -1.868663481534121040e-01 -5.495838288030310270e-01 6.612062852887641284e-01 -3.043551143851407348e-01 -3.862732472392264027e-01 3.627478078976759113e-01 -7.431309645353032511e-01
-8.699704090982188776e-01 5.876858864217217038e-01 3.558354813594243327e-01 4.862410122119122102e-02 -6.816033581358368343e-01 -1.089401558601379022e-01 8.565577339281543745e-02 -7.626574190874001458e-01 -1.788971506402738942e+00
7.633289489495584945e-01 -6.516668979635605041e-02 3.718627687517397917e-01 -5.493285204367404084e-01 1.139629265981201567e-01 -5.379190545468733875e-01 -3.921598499494083345e-01 -1.092818140898813128e+00 -1.500946309140255730e+00
-9.678384517482950811e-01 -5.370519607589262501e-01 2.568506437073542759e-01 1.197690833200751176e-01 2.501435569684382076e-01 -1.252364742676630449e+00 2.166204247007530170e-01 -2.380268403542827593e-01 -1.192808114877567327e+00
-1.104988607008106971e+00 -1.144807166366441420e+00 2.492774293906164784e-01 5.888148028993123173e-01 3.441584487586339947e-01 -6.548020466560263708e-01 2.288945577965583456e-01 -2.175445426031628882e-01 5.979518863185424582e-01
-3.359496201589334263e-01 -9.298920416906036879e-02 2.769630634075676556e-01 -1.065347877316486169e+00 -1.768825545001015964e-01 -6.114144339592516575e-01 -9.584027418999985226e-02 5.087586688825926906e-01 -8.838042302197189892e-01
-3.625705390834942365e-01 4.066154788337189574e-01 -1.104638063357758493e-01 -5.238152506927225005e-01 5.095987123038987071e-02 -8.459244662692935179e-01 -1.100323771608331613e+00 -5.942718667776443198e-01 -1.389307484308436980e+00
-1.012228749461577593e+00 4.417412433747668343e-01 9.079464191411930341e-02 -2.999506175386306150e-01 1.283573780685244928e-02 -1.172028817371712217e-01 -1.034950744777192282e-02 7.124306412028841295e-01 1.247112456549714254e+00
-8.441669946849446049e-01 -6.066554088311997273e-01 -1.008193521039014051e+00 9.874853177605372734e-01 -5.167092011919880434e-01 1.864723355402913840e-01 -8.242034395273974967e-01 -7.471433803463551904e-01 -5.491473116990549519e-01
-1.092654729567939631e+00 -5.670788211999613360e-01 -3.796666889255090882e-01 -5.965063906886004519e-01 -1.861652903340301202e-01 -3.334407080829422387e-01 -5.118300752793464303e-01 4.519009972441313111e-02 -1.514687663209375590e-01
-2.629465445500698065e-03 -1.900204395207495400e-01 -3.813605406999971414e-01 7.259952648931435049e-02 7.575851966463836851e-01 3.728923930056649017e-01 8.610971776845762760e-01 -5.575996202302049842e-02 1.039514221470757338e+00
-1.122020801182154193e+00 2.684645995917315231e-01 -3.876190925062059089e-01 -1.421264275804074995e+00 -9.194215238843137517e-01 -5.077210901191161474e-01 1.161689259810627928e-01 -1.262554953272676306e+00 -2.599567331531665304e-01
5.467477549541372994e-01 2.292380426096926327e-01 8.024746464541897550e-01 -1.198012619453658889e+00 -8.273397745217103694e-01 5.449254423132626757e-01 1.833488613835183301e-01 -4.925518179302013078e-02 7.202132533795995162e-01
8.048045781650713382e-01 8.949890398732980312e-01 8.813490108069376161e-01 -8.659509405353204015e-01 -1.092776700029325587e+00 -1.171840806188388928e+00 -1.134278203616587710e+00 6.661847006767159796e-01 -1.218787256400239993e+00
8.182947469726888912e-01 4.515464050489165215e-01 8.358851344449446871e-03 -1.065347902496583538e-01 -1.762063309903816044e-01 -5.879012020158153051e-01 9.258762288765362003e-01 2.475693034458472108e-01 -1.784231244654875370e+00
-3.190859898523727978e-01 -5.535190078707333816e-01 -1.165359507564049713e+00 3.876719077312248962e-01 2.321641948858368665e-01 -8.339327178512409011e-01 1.835105432682581361e-01 -7.768524286787168442e-01 -1.121684138167299505e+00
9.460370378243151412e-01 9.515732437298342061e-01 5.937979753533706440e-02 9.605033815002257391e-01 7.513322734227902977e-01 -3.556517455999540223e-02 -2.144242494772200802e-01 3.280134452182023597e-01 -3.135784879594058494e-01
2.742004578637946000e-01 9.910383678173935174e-01 8.027654999583330175e-01 -4.004006484572041891e-01 -9.502698695804853157e-01 -2.927823202001261227e-01 1.408382688914486813e-01 2.003217676233805811e-01 1.966132699619537183e+00
9.456217607581953732e-01 -6.245132764596575958e-01 5.129011054192157415e-01 9.708720423680822220e-01 9.246010716691056563e-01 -1.353823417833997622e+00 -9.596485129114267210e-01 -1.429627940829215182e+00 -1.738941264663288688e+00
-9.980082786077321133e-01 -4.423196743952503285e-01 -3.384272331818680701e-01 8.444600419504850741e-01 -2.917691141095396512e-02 -5.650293772610615051e-01 -5.149993035061325303e-02 1.352317316043374906e-01 -1.348508015880895528e+00
2.720520049562571985e-01 4.438525608657370447e-01 5.142649022316739815e-01 4.206663332664541399e-01 -6.066745419078792834e-01 -2.027674079635033155e-01 -1.039306821413341853e+00 -4.828581396351462884e-01 1.789622621613414122e+00
-1.861731387708287500e-01 9.883006196168824253e-01 1.030890695551405001e+00 9.442364597648893465e-01 -6.403744601437957318e-01 9.159214113651064082e-01 3.640622148476039266e-01 -4.757178573804495825e-01 -2.884766688493572290e-02
-8.660687493364451761e-01 -3.261216166567728059e-01 -1.167968201478168266e+00 -8.544874362813225099e-01 -8.207630026925425426e-01 4.460153936146504100e-02 -5.908553387552832603e-02 5.188290930346107777e-01 -8.857097064046925983e-01
2.404434342777111155e-01 -8.933794570478370556e-01 -1.025232165729575012e-01 6.053554546820852922e-01 9.151718161260536943e-01 -1.356562708259971162e+00 -6.314295299735023237e-01 -8.223445969292392244e-01 -1.830567279276237969e+00
-9.422230873074256552e-01 -1.854561831345827999e-02 -1.047864915909022754e+00 -3.462758569320344981e-01 3.431539878933170806e-01 -4.574618463820520620e-01 -3.734627764529012683e-01 2.572153229466835889e-01 -2.030308246025265828e-01
-1.302959297277715700e-01 -4.965396760027586676e-01 -2.438191349078665804e-01 -7.746043547294784171e-01 -8.781722891100506301e-01 -1.253496948339706707e+00 4.093275547979749462e-01 1.377222499133337885e-01 2.622930489015542488e-01
-8.276646073260131020e-01 7.276924376840081532e-01 5.322425625770934587e-01 -7.584448743636957868e-01 -6.925223442620794811e-01 -4.709003381258455856e-01 -9.900611793146923967e-01 -5.838552475107081641e-01 -1.728772667620866788e+00
9.319015558099077445e-01 -4.693652684161869759e-02 1.003430166114895883e+00 3.084210825545862233e-01 -1.238235893017683997e-01 1.026792721966778954e+00 -7.517951210452213928e-01 2.256130243894438336e-01 6.721461456274092638e-01
-2.391048028867786834e-01 -1.032180629725837129e+00 -2.608042673933773092e-01 -5.804254842333791964e-02 5.564620232071438855e-01 -7.311402139854832338e-01 -2.275874392327144058e-01 -7.122372279631925540e-01 -2.195005202861762816e-01
1.019063395169454767e+00 -6.992025217572204188e-01 5.051952271864766919e-01 -6.744393569577444847e-01 -1.177012890496575315e+00 -9.904222934912449983e-01 7.542555500175334160e-01 7.072513057779831191e-01 -1.384978420959870893e-01
8.126127144163943772e-01 6.535715169897839960e-01 -3.021138888591349825e-01 -2.638592299479665115e-01 9.301893776826400395e-02 -1.063790069284855422e+00 -1.233781104591817890e+00 -8.064977969605523489e-01 -1.699510540941273407e+00
2.820937562889384576e-01 4.959661426583165944e-02 -5.024866233334938093e-01 4.812748873376698211e-01 -8.213818102972468838e-01 -7.815226030287324432e-01 -4.915507019397717947e-01 -7.940669324395394080e-01 -1.264378125385595464e+00
5.292760737540668226e-01 -1.047191874040878545e+00 5.725613328754115133e-02 -1.006533418150149961e+00 -1.237809832791148201e+00 -3.125048568729310028e-01 5.229936565686321703e-01 3.133863724606350543e-01 -1.094127764138335790e+00
-1.594157439584217295e+00 3.915657317715783015e-02 1.126930882887572649e-01 2.241232630760097433e-01 -5.986743870387264965e-02 2.876192201083204725e-01 4.153733702876051814e-01 -3.694448564312006744e-01 -1.103815020569105104e-01
-3.531878520791483234e-01 6.332488957034458675e-04 4.072957788843542537e-02 -3.614710417268071629e-02 5.600223470842147222e-01 -1.828686148694982361e-01 5.762028008528201628e-01 -7.632285389593629343e-01 -1.447298179649161298e+00
6.999099006470478335e-01 2.994650446280260891e-01 -7.384825784266426663e-01 -1.988898066047634361e-01 5.755425051209753784e-01 -1.272944304360747125e+00 -1.215095601637997236e+00 -9.787918742287708695e-02 -9.633452720149137116e-01
3.357496009373041601e-01 -9.306842989248663434e-02 4.771767356626289980e-02 -9.959063963918423079e-01 -1.087795123055650848e+00 -2.664881042769590147e-02 -4.168966789963566288e-01 -1.032497319774128952e+00 -3.853584007647565812e-01
2.166475644800842579e-02 -9.037522628811445191e-01 6.633657729366334577e-01 5.524139904478676533e-01 6.364875023525253805e-01 3.816580653997562189e-01 -4.138357070017959494e-01 4.104373640641924004e-01 -2.238928967045754892e-01
-5.466940260122693518e-01 4.332435274444663975e-03 2.631129421907228705e-02 2.851368381113331685e-01 -9.349169167769855182e-01 2.422688052495884370e-01 4.330721917238871677e-01 -1.270993981561086450e+00 6.546775675326205191e-02
-2.760449260709784136e-01 1.979473977699800213e-01 -1.244566221145689155e+00 -2.771183885328962551e-02 -8.528361007017494222e-01 7.655743519814445230e-02 -1.650697290749870261e+00 -1.398340806594881913e+00 2.144124267791246707e-01
-2.228898967231490724e-02 -3.830807932331624088e-01 -9.260755485944859311e-01 4.201705617296071227e-02 -1.193181816452040467e+00 -6.695074647068538498e-01 -6.817368631909113130e-01 -6.864810044447251791e-02 6.110796741862549453e-02
4.825727921881980409e-01 6.132804178696008579e-01 2.368467689334731174e-01 -6.630947535513835416e-03 -3.740515838606111032e-01 9.658681536422253355e-01 -8.529402918553129487e-01 6.855006790117244009e-01 -2.538960633931554023e-01
2.632745032048633971e-01 4.618839424781390757e-01 -2.775594686503452535e-01 -5.733901097587760232e-01 8.729735582225128798e-02 9.132152732366398684e-01 5.623273074372637792e-01 -4.558804510987993774e-01 1.549423634809049322e+00
-3.201090833815176118e-01 6.097859622562842308e-01 -2.331331669028990916e-01 -1.318623557201373808e+00 -1.073815793873458047e+00 1.361129295589462440e-01 -2.670600597639221502e-02 3.593026215582317273e-01 -9.343117991622104102e-01
-3.630384029837242510e-01 -6.877047768567051689e-02 -2.805938260733914502e-01 -1.127020233828895046e+00 -7.037988574113261953e-01 -1.142233208180990500e+00 1.426943634516705528e-01 5.077010752377296710e-01 -1.347659720422819563e+00
4.012852972188516582e-02 -7.241266932414870405e-01 -2.179107882934531448e-01 -9.271689630937056670e-01 -1.282125505783671127e-01 -8.362874588222123373e-01 -9.018227359269637144e-01 2.851943163832483807e-01 8.239228979979493217e-02
-1.063890385158366286e-01 -8.969254070356591502e-01 5.201555375704558504e-01 3.114277744436443895e-01 3.004478937880091238e-01 -9.155896096175358823e-01 4.231468487146502477e-01 -8.901138835812708594e-01 -4.251418213365816823e-01
8.524457912661642656e-02 2.132724305095030637e-01 -5.251960098427075341e-01 2.049067759960408186e-01 5.575097152457839655e-01 -2.424666260466225298e-01 -1.171172101106441765e+00 -1.174372323495010972e+00 -1.679864519684015178e+00
-1.091534851881030388e+00 -1.082888450247103451e+00 8.777726549262286626e-02 -1.484934646108278855e+00 -9.875228867421280698e-01 2.738610511897632827e-01 4.521512166908327468e-01 -1.994511401022771094e-02 1.028990536527719435e+00
-1.718325625594310457e+00 1.876615826241078144e-01 -9.418930816493122915e-01 4.497097919633253477e-02 1.635483748879754395e-01 4.135329286822289618e-01 -5.595647659160957188e-01 5.101157037825577723e-01 -6.893502421566415350e-01
6.335830048119280855e-01 1.951791305952566280e-01 1.040745360548875675e+00 -1.158623086188408591e+00 4.158873548608948978e-01 7.509881068129767301e-02 -2.158869705443610121e-01 -6.573163192593969306e-01 -8.198456194195439251e-01
-8.997811973826492782e-01 -9.968627664638212149e-01 1.618167935556007186e-01 -2.822975597463540653e-01 -1.115619025825185240e+00 3.439676256454358150e-01 -1.620213607243798926e-01 3.337742438333407557e-01 8.448366587902637892e-02
-6.082357120180038601e-01 5.755380046319708010e-01 -1.549315154034897501e+00 6.047410839468281285e-01 5.864429439520946197e-01 -8.519629047060511828e-01 -9.462638736110897675e-01 -3.449388738090604645e-01 -1.929161495554856831e+00
4.136095780224852692e-01 -7.375745033251090987e-01 -6.122477429600075016e-01 7.527184976555435503e-01 7.114798600395823014e-01 9.405681948181007779e-02 7.219387788667424033e-01 -2.204743280534914029e-01 1.312372574193410468e+00
-3.249317515597132111e-01 -5.984422396735471494e-01 -1.208792054233193802e+00 7.814059400839302727e-01 -2.729259565044151459e-01 4.742745825947837501e-02 9.575383527224561042e-02 1.019360739809684474e-01 -1.717678711106109146e+00
9.405279666860081322e-01 8.715862071640062547e-01 1.863126730995885993e-01 9.890257206105306231e-01 -4.700733589185156491e-01 2.039864455676885513e-01 -2.109994564350505253e-01 1.189947438608538188e-01 -6.145608234195361064e-01
3.166487009701615118e-01 -1.203222637415293006e+00 -1.301820509971249207e+00 -1.087768167410505527e+00 -9.406964712377384741e-01 -4.718506551570237351e-01 6.712488029238798948e-01 -1.043186896596543178e+00 7.637323319386271625e-02
-3.274884956347591802e-01 -5.701715894797689810e-01 -8.271557858120905937e-01 -1.003295478690743314e+00 -1.234002772660981462e+00 1.486684867875357474e-01 -7.747282703102333079e-02 -3.855233293056150035e-01 1.391010567106552021e-01
-1.329311434807086023e+00 3.668613417300368162e-01 4.203531331611272681e-01 -1.824853379576877460e-02 -5.230132751636534794e-01 -1.022983283219202483e-01 -2.094907122360201712e-01 9.284478565748357504e-01 1.366336747254759842e+00
-4.949348170450405537e-01 -3.498682092463677451e-01 4.317027452969069978e-01 4.596466277863109351e-01 -1.377769067131135172e-01 3.333904726408260522e-01 -7.163769745853280080e-01 6.115965371117265681e-01 9.640749655026217280e-01
-2.208361987368973600e-01 4.065751463339085658e-01 5.474210605655045470e-01 3.525386364491062130e-01 -9.841791773449148906e-01 1.236975074039158885e-02 5.629098408058557101e-01 3.320212556280177085e-01 -1.981517219727465251e-01
6.567996367901791643e-01 -8.165428227713112941e-01 -8.644188404079965471e-01 4.420862029108727498e-01 1.471305573985927651e-01 5.430004804535872032e-02 -1.491751122416575370e+00 -8.632472496113325899e-01 -1.615894242614755560e+00
-2.406338181106539020e-01 5.343499350429814498e-01 5.726937925389540274e-01 8.104770106856708234e-03 -3.243624508440073329e-01 2.534428480826145247e-01 1.680421436590728013e-01 1.900960064844461894e-01 6.363277385400034625e-01
-7.595968800155862288e-01 7.840604123419153693e-02 -1.001554307281630196e+00 -1.093986826641367011e-01 5.935222912748416846e-01 -1.411926693651263331e+00 1.981868431855332915e-02 -1.148850265180215713e+00 -4.838290376503161516e-01
-7.400238056264761555e-02 -7.696816775040700165e-01 5.339282732785232133e-01 -1.906385960457365747e-01 -9.255126769508861262e-01 1.791395366189332816e-02 -1.227030820006003387e+00 -4.213935707432952538e-01 -1.702362723067267769e+00
-1.728482084807646257e-01 -8.443003428595476922e-01 5.197143415442925102e-02 2.323429492216697589e-01 -1.710699583020175440e-01 3.155539448679197667e-01 5.486320559129547192e-01 6.773012306479296862e-01 7.855788162327765889e-01
-1.015943402495659509e+00 -9.786945493003339491e-01 -1.532698204415403748e-03 -3.063969350157056959e-01 -1.198726405022691566e+00 -2.800603456714274020e-01 2.533497838978938099e-01 -9.367840310119255332e-01 8.788631921516436574e-01
5.116032318753132024e-01 -1.059655739324892043e-01 -1.279207828871440578e+00 -7.392520496463877988e-01 8.573466533158734526e-01 -1.316343866122139827e+00 -4.064116033215644519e-01 -1.190541893086324299e-01 -1.788369973234828159e+00
7.407558019568706298e-01 -9.225093627029756771e-01 5.390452940315623720e-02 2.890395160587149181e-01 -4.890900715331579773e-01 3.187030339769513776e-01 1.585474941742271160e-01 8.973955468371572763e-01 1.272853390819947750e+00
-1.984830754323508306e-01 1.331508359498669858e-01 -2.055566417550978853e-01 -9.919407654872293423e-03 2.280633586820859093e-01 -6.171087037098301753e-01 5.469731570029157108e-01 1.504254424923445466e-01 1.021722903206233823e+00
-1.253209477324662702e+00 -6.541549314927797010e-01 2.361682026715949401e-01 -6.127308328823093397e-01 -2.150636462263878224e-01 -7.747068058931267931e-01 -3.077725406615554049e-01 4.423724950964043612e-01 -9.404666018492829904e-01
3.635715090367125368e-01 7.350514876694317357e-01 -1.306538417685986886e+00 -9.323489899735609709e-01 -1.101479089418881729e+00 -3.750172462279264315e-03 -1.340609152057356646e+00 4.204909668963244251e-01 -1.158902067743440956e+00
9.494199196255618256e-01 -7.085241718799759614e-01 -2.391721148815659226e-01 9.098176703191098724e-01 1.560932031848525636e-01 -1.020170910842213702e-01 1.788188335899069670e-01 1.186878339136109295e-01 -2.984015419732646487e-02
-8.907855101751688265e-01 -1.088187150374608558e+00 -1.096043586378593115e+00 -9.865586324765847070e-01 -1.841286897394362951e-02 5.702325138002112270e-01 -3.137126177207916200e-01 -7.854574572803328936e-01 1.327390203635832600e-01
-2.302348182496139206e-01 -4.587831502001717410e-01 4.700322620104381288e-01 4.888886073540754107e-01 5.028257993448819185e-01 3.191057682863793210e-01 -3.674051828791913277e-01 1.988460031242259840e-01 -1.096291412395378417e+00
2.155095302971571924e-01 -1.265717298798088253e+00 3.286218981303680731e-01 4.339520950873846511e-02 1.653672827403517287e-01 -6.468849476459264114e-01 -1.013960809314323530e+00 -2.742411003296769678e-01 1.155899113794027988e+00
-2.911009718890051334e-01 6.283061150123449012e-01 -4.566144774869521084e-01 9.249797578289778444e-02 7.856280006116631576e-01 1.411532690629029585e-01 -1.082893969844441973e+00 -3.272876423203615048e-01 -7.204582218431715424e-01
-7.905693949984757274e-02 -6.561087678712291815e-01 -8.841026624205693407e-01 2.014246372160013732e-01 9.005408367233393163e-02 6.750689694204463631e-01 -8.636815367485060069e-01 5.222687702380681696e-01 1.063670509221992244e+00
1.255297525643166434e-01 -8.016664922469804999e-01 -7.048207755839663857e-01 -2.839293942432764006e-01 -1.111534646373682905e-01 -1.710528378556873119e-01 -1.357092770984278662e-01 6.696226338406022771e-01 1.006555704597642764e+00
7.417098144513979419e-01 8.734567717887121718e-01 3.659123425276789021e-01 8.226202220927303355e-01 1.527571042852147176e-01 1.618287017944667061e-01 -4.305142417752268469e-01 2.086242523432637330e-01 -1.244012645578271181e+00
-5.551449972487076945e-01 -5.997631468386506182e-01 4.032740524853452579e-01 -4.616080825067119808e-01 -1.742919079608013788e-01 -9.148209536782977436e-01 -3.737621203014098725e-01 9.119123777329830594e-01 -3.326911045768887187e-01
-8.525981917893499240e-01 -1.312161359696641105e-01 5.164126967595051854e-01 4.768161645514512603e-01 -4.991236286366430575e-01 -9.994454000213587319e-01 3.097940067601490099e-01 -8.854118020492096619e-01 -1.326972468778065961e+00
-1.359412932572547916e+00 2.587301073734513679e-01 -6.908324059147205043e-01 -5.150757794732857553e-01 -9.020330925985713122e-02 -7.191844756609402922e-02 -7.447231640196011471e-01 -1.173645880366795957e+00 3.171873151049130202e-02
-1.646722668273636891e+00 2.543794467694683314e-01 -6.004256243295960083e-01 2.092620282831628153e-01 -2.785201488142229898e-01 -1.140839659575753506e+00 -9.487047491045802472e-01 -4.631394404983747992e-01 1.890707069719829436e-01
-9.487008588993620650e-01 -2.422890309596878455e-01 -5.327946420384584991e-01 3.964161833428888060e-01 4.694610837159900463e-01 -2.392481156068294312e-01 -7.882091639555567353e-01 -1.026900048787756647e+00 -6.358030308761003502e-01
-1.139790769298308692e+00 -4.486060245468039831e-01 1.207655246064042592e-01 -1.409138744824356859e+00 2.961516297889270066e-01 -1.435494389719820796e-01 -3.717338369338051701e-02 6.143069974076266204e-01 -2.157374343899381985e-01
-4.162701554182660635e-01 3.541226243788641453e-02 -3.471968557696508695e-01 -6.784906017747472928e-01 -9.630852167678450870e-01 -7.824009608783102365e-01 2.663189565829854333e-01 -4.485239852724356990e-02 -1.468830084964913851e-01
-1.989151689236693943e-01 -7.844635739085229487e-01 -2.682902068522604599e-01 -5.893282506140061772e-01 -1.135198067265605015e+00 3.201317006759878958e-01 -4.082713236776004395e-01 -4.332248558226213797e-01 -1.429740868808780097e-01
1.008331476279403116e+00 -6.728364381179291476e-01 -3.740627519946845281e-01 -2.181817158295590309e-01 -3.079009503127820291e-01 3.574155164912928284e-01 8.968045483614528468e-01 1.116563559584013321e+00 9.801639651003143383e-01
-3.656045879234202656e-01 -4.042105431109199731e-01 6.588103019434579100e-01 -5.240182145455148932e-01 1.042858697760057490e-01 2.852273399286967548e-01 -5.835986552551521989e-01 -9.103690932594449281e-01 -1.786295452213551904e+00
-6.283352185183983529e-01 7.863140773299542863e-01 -8.318080720600498079e-01 -5.216003285222192698e-01 -8.786964506634445948e-01 1.887973580730778200e-01 -5.475180561558532499e-01 -2.960728340800479752e-01 -1.295350066574501025e+00
-5.203604598134302650e-01 -4.802939647057558603e-01 -4.806453124659962883e-01 -3.607429200284985038e-01 -1.028919261334636071e+00 1.655717277876463944e-01 -9.438587551425475786e-01 -4.553057504039053072e-01 -1.061485540780900072e+00
-6.781716552808476628e-01 1.047222672330709731e-01 -2.470178561604395584e-01 -9.250696579211048487e-01 -3.578143275758255415e-01 -6.269561503680626258e-01 1.147404994341402473e-01 -7.625833237122684460e-01 5.629749871246788606e-01
5.747958993238295733e-01 4.476231221001459870e-01 8.032253475889580829e-02 -2.443766145530623657e-01 2.174400866844468094e-01 1.439223635546576840e+00 -3.689326175201127489e-01 -4.769564791517201530e-02 1.388525177018243406e+00
-6.394639594947444661e-02 -8.240662448948180563e-01 -8.074580708997297629e-01 -4.340906954844627186e-01 -6.494077102511928989e-02 -2.637017846599857673e-03 3.629276364194934379e-01 -1.389456757860729197e-01 -1.453645278970195243e+00
1.295807583553633124e+00 9.211365375623120633e-01 -7.613201642167219396e-02 -1.947404128425561376e-01 8.734199537696283322e-01 -7.700774212331692459e-01 4.413315502394279388e-01 -4.607343459406306740e-01 3.490320210963746006e-01
-2.245269449456451794e-01 4.731923063292733933e-01 -5.966956434300593193e-01 9.795684902013131190e-02 7.556533538868825950e-01 -1.506245636980655354e-02 -5.196647723133940300e-01 4.749652176499520873e-01 7.649743147960138545e-01
-4.642802854351165132e-01 -1.657257760696032867e-01 8.550650806722037700e-01 6.378958802794856275e-01 3.001801273078467114e-01 2.474216531183643930e-01 5.608488248607511606e-01 8.096943239946053916e-01 -7.589581837104109052e-01
-1.983831324043740796e-01 1.153007727696323537e-01 2.435157779169264403e-01 -1.048108396463696135e+00 -4.574078017823557940e-01 -1.030121989807620819e+00 -5.063518531276856027e-01 -5.452161378017332805e-01 -7.961266338417269939e-01
-2.351553626266058850e-01 -9.308928373007020404e-03 -2.437449178621999002e-01 -4.149167087227239592e-01 -1.263636696235267642e+00 -1.029821491950244194e+00 -6.500966455334715732e-01 -9.863770843820718337e-01 -2.424644681327444984e-01
6.138561263890187497e-02 -1.826934590897170418e-01 -7.437312405847157359e-01 1.535295778245476250e-01 -8.180584403927435577e-01 -1.519828093836140370e+00 1.758181825962375766e-01 -6.476303078091972809e-01 -7.598669444617560664e-01
-8.056344961776205071e-01 -1.105073587936031609e+00 -6.405044164234384718e-01 2.320271718056109989e-01 -1.022794272895251266e+00 -1.021183706241952427e+00 -3.551737342209073667e-01 -1.176293343267155733e-01 -1.137822730664982546e-01
-1.120402299115162981e+00 -5.305172394112236262e-02 -5.913548433125841441e-01 1.399034675371686187e-01 -7.559162443178509827e-01 -2.003444843845890999e-01 -8.815854318128549805e-01 -1.184392637335247578e+00 -4.076607285285916982e-01
-1.252518234909904660e+00 -3.337509130668856461e-01 -4.228865426673210082e-01 1.486567816587586466e-01 -5.968182154830762309e-01 8.799988134691572039e-01 -2.775012901833411871e-01 -1.076459354175480082e-01 1.063240404603591482e+00
-5.474321581089817285e-02 -4.378574311762610249e-01 -2.680302985832873075e-01 -7.787016717928437748e-01 -3.490858921033535012e-01 -1.223115891343649286e+00 -2.202627315017886833e-01 -6.558236062885733908e-01 -4.376991146732390758e-01
-1.408731545240100802e+00 -3.731905772682204692e-01 -9.518307435596176092e-01 -1.453901649621610337e-01 1.456095613756435425e-01 -4.636971634244662632e-01 8.013786426554801723e-02 -7.397065900610539924e-01 8.221525568578291754e-01
-1.001619502557983710e+00 4.576511362972024433e-01 -9.591810117320629381e-01 -4.679057664676899986e-01 2.641919799119069046e-01 9.763934101091473194e-02 3.082056831660420770e-02 -3.527175783004190546e-01 4.051696889563933812e-01
9.604054673573311218e-01 8.705252474958251330e-02 4.435860723106628267e-01 -8.576084285192397960e-01 -1.751988112325543467e-01 1.016303296865299910e-01 9.013606518829978542e-01 -7.245780698606273384e-01 5.046196452806966937e-01
-1.561390065284938289e-01 6.418941165894247181e-03 -1.383258804202114112e+00 -9.958022160538791967e-01 -6.780655447567160987e-01 -1.485522014497354659e+00 2.757429702949315900e-02 4.454661341223439819e-01 -5.047990358077516504e-01
-3.833833068289770885e-01 -2.800177627158839111e-01 -8.771062929360519123e-01 -6.686136806598589333e-01 -2.892824598460233543e-01 2.350150904628494075e-01 -9.777925623768001229e-01 -6.690544950290215898e-01 3.053690269614102726e-01
-1.679469019241164596e-01 -8.089826000336880485e-01 -7.271733478069439816e-01 -6.753438580334452102e-01 -1.336364160448590133e-01 -4.951020484374923925e-02 7.185291086388959636e-01 6.440048820707128252e-01 -8.306914888103243966e-01
5.070649551333531457e-01 -5.403223681726719851e-01 -4.653447254073209693e-01 -5.208226442665735423e-01 -3.628794080308984649e-01 -8.391748603206721224e-01 -5.028237070980964285e-01 -9.572215377992592256e-01 6.875832182173765572e-01
2.554105030311334956e-02 7.668710963477496367e-01 4.517086997018002203e-01 -1.933775800885034757e-02 4.940870408621481635e-01 3.280409769064392411e-01 -3.490647907021811602e-01 8.164426560012384704e-02 6.555638383646111844e-01
-6.402063216278748303e-01 -1.204714166693015232e+00 -8.160456856563228500e-01 3.133812390891890787e-01 6.223599538160737854e-01 -1.341505722069090967e-01 -1.054266723820563634e+00 2.315835288879215526e-01 -4.549974274953982878e-01
2.426688335503320582e-01 4.458067450086586336e-01 7.186488129215035103e-01 1.395359135155087027e-01 5.301021278356808919e-01 4.388713199417913491e-01 3.049756566232578181e-01 6.209269692150399811e-01 9.741543399840868478e-01
4.218272687769369367e-01 -5.643343842321453252e-01 -1.277374350589081331e+00 2.411998524412414524e-01 -3.212691994327546152e-01 -4.644745157359799759e-01 2.429826255003751101e-01 -1.423011676640482337e+00 -3.679910356883119016e-02
