-7.011723365134629737e-02 5.208954883700530614e-01 -9.608915496409815571e-01 -2.945599459149956245e-01 -6.529538844739362080e-01 -8.984184329701994098e-01 -5.710379665429050622e-01 -3.628634719372246242e-01 -5.513037303811547662e-01
-2.375775851435401598e-01 -4.250937022785920560e-01 3.239026722143322212e-01 -8.773272783551226972e-01 5.633112117353070714e-01 -1.043498534462116600e+00 1.555379737526418338e-01 -3.487221947959301960e-01 -3.512263508604628881e-01
-9.192808470852259495e-01 -7.912656793073959971e-01 4.500950706697555148e-01 7.618267311061648339e-01 -5.052498706771846315e-01 3.746967707760406330e-01 6.352704758591003475e-01 7.848875384497627783e-01 -5.716885446467044884e-01
-9.918515962050729051e-01 -7.767395555127495355e-01 6.035021169265361030e-01 -8.858410088775817703e-01 -3.087120903713110875e-01 8.907385657155525438e-01 -4.097655011983533657e-02 3.497129999152300273e-01 1.818488243721937681e-01
1.919380767082478623e-01 5.814645626559992175e-01 -9.114122709497839425e-01 3.823290024566606826e-01 1.014108119838976307e+00 5.398937525375400170e-01 -4.006538984478538179e-01 6.384020000348881174e-01 -1.196032631770062471e+00
-1.376620213446504426e-01 8.932280976098995184e-01 -4.022871963512133497e-01 -3.991650770859122010e-01 -6.352356414721627154e-01 -1.119729100459998072e+00 3.581492920610853115e-01 -6.848128083037884339e-01 -1.163676962567820494e+00
-5.139211539372638693e-02 -9.888627895579619187e-01 -2.636501926724359526e-02 -7.691904077741413825e-01 3.354077955233294300e-02 3.260736920655006588e-02 -9.218480809028090084e-01 -4.960579719797389431e-01 -4.357918427083304902e-01
-2.483345073274489945e-01 -9.645975400375441655e-01 -2.750096287206059767e-02 2.593923048482821847e-01 -4.487601444476628509e-02 7.182757631236534879e-01 3.806364097121277268e-02 6.204691081946915876e-01 -1.084032134884595600e+00
-9.680837808187759963e-01 2.840370308086993534e-01 -3.981746827949389500e-01 -8.284478350555357640e-01 5.696005291494848910e-01 -1.373692491065210408e-01 3.528779836732887087e-01 4.432485647211750202e-01 2.043331389085929928e+00
9.934576014771352714e-02 3.949225904081180571e-01 -4.222077195321681242e-01 -6.293238105318135212e-01 6.869896552333432105e-01 -1.137195973776363028e-01 7.788804869856986723e-01 3.427871111175875285e-01 6.932674525218351924e-01
-6.281327913513063965e-01 9.127957135699836799e-01 -2.382104415475364001e-01 3.367110316891450683e-01 -1.579018172471176318e-01 -6.648155335008569811e-01 9.448729917420568558e-01 1.467870201170967948e-01 -1.120862994547873637e+00
1.402337946018696602e-01 -5.136382690729286438e-01 -1.972707096552657746e-01 7.058570715171968990e-01 -5.002421642286920545e-01 7.723241522990748065e-01 9.004404982831248905e-02 -1.056272322753408321e+00 1.778521228617714112e+00
3.152784920765079879e-01 8.568625813585017958e-01 -7.972682796208976352e-01 -8.243329440597289004e-01 6.644627020126834260e-01 2.628309919220430113e-01 -1.024273237805094716e+00 3.476480148874887544e-01 6.542386226931243831e-01
9.249009668490718594e-01 4.168215422115313928e-01 -7.921001249864344507e-01 -8.951628690373761854e-01 -1.003037992430441783e+00 -1.182433291877938775e+00 -5.580491802767720833e-01 4.230720943597778838e-01 -7.569924349795683627e-01
4.306615887425861711e-02 6.892310377335446603e-01 -7.154176417136448585e-01 -5.512630162442282433e-01 1.293304162582818440e-01 9.874728112040853656e-01 4.680535154618064436e-02 -8.715706882907275910e-01 8.553440464005065413e-01
-4.766903603579350501e-01 7.732470959963718693e-01 -3.353718581096978152e-02 7.205996163724737169e-01 6.403410325717702190e-01 2.609069167148198587e-01 -7.072907147583497034e-01 -7.309875783852797237e-01 -7.930170193305839943e-01
-8.516702112325394980e-01 -7.358109426872974090e-01 -6.483859487337688687e-01 4.246596926095741464e-01 8.873979436535199550e-02 -1.261684878308065860e+00 -9.507012964194744287e-01 7.149649895652857579e-01 -5.358912569832148254e-01
-7.489509118098417462e-01 -7.162119291809536659e-01 4.044304981167872737e-01 -7.455472397822918706e-01 -6.546340175098190606e-02 8.635786077663246685e-01 5.451224087926396233e-01 -7.788913364003765549e-01 -1.082069368939484050e-01
3.128786733247726493e-01 7.332754412367759045e-01 -7.552456230780797419e-01 -8.830300529677884702e-01 -8.007713057246039767e-01 -2.667086348345393820e-01 1.867263923164073358e-01 -3.527331359821637286e-02 -1.079808771869617878e+00
9.737681842082841488e-01 6.152251973010259417e-02 -3.286677068561900672e-01 1.043390804904172908e-01 3.983478824377984506e-01 3.085209433932939449e-01 -5.142847410655418949e-01 -9.776436980873122184e-01 -1.560579673630350939e-01
2.282832640018961634e-01 -7.149736259630653512e-01 3.788721915644804872e-01 -9.307864846897491162e-01 -6.672434245836136313e-01 6.400429739157766917e-01 -7.627300931144150864e-01 2.013639827089517831e-01 7.170929613937997438e-01
7.576080186440972142e-01 -5.582240956866523218e-01 -9.641706368605004185e-01 3.809725019369366028e-01 4.605535105700417908e-01 6.252968805194665247e-01 7.524407294128627743e-01 -1.178651013330848096e+00 -1.091525413073355821e+00
7.719317467504802077e-02 6.370035864413887694e-01 8.337344894744940227e-01 -2.446586897149633302e-02 5.548183249757062674e-01 4.017619924536714460e-01 -4.057876878725573122e-01 -1.523721692190374011e-01 9.372621240303925516e-01
-9.685042312087141503e-02 7.350711069448726542e-01 7.837420923774833792e-01 -4.282005930712174946e-01 8.249224981408145307e-01 -7.969984818116631065e-01 -9.361222652196484750e-01 -9.121750526164037476e-01 -5.276407755712780867e-01
-9.823537174350621681e-01 8.193149214818008508e-01 5.959131223238477437e-01 -9.844408637651224092e-01 -7.497488132792975435e-01 -4.841469589203539758e-01 -8.109928433346136334e-01 4.113762345283882294e-01 -7.016597964716868585e-01
6.938919883566172508e-01 1.546187342343176979e-02 7.201440667868733714e-01 5.560703272720395329e-01 7.072585295112873149e-01 8.407799876100824354e-02 1.817257358606182496e-02 6.682235296213443476e-01 2.489903019245685023e-01
-3.390702687568458162e-01 -2.822597441745049521e-02 -1.187549108041888513e+00 -1.369210213467629833e-01 -3.708000390155953285e-01 4.200459445147118331e-01 -6.539766880394444204e-01 6.276979751571597488e-01 1.249140632570734238e-01
-6.525972794865005921e-01 4.781217624419783485e-01 1.344914371915212348e-01 -8.792775486775320504e-01 -2.804907891033370793e-01 5.235186868653727288e-01 7.839586516327533561e-01 -9.297846832037736098e-01 2.126881668341601195e+00
-2.326433139355374435e-01 8.444672559432274683e-01 -5.234575632317620131e-03 6.240799701416500644e-01 -2.175098655406536297e-02 -3.841540480916252887e-02 -5.666985813230888125e-01 -9.121247807078626535e-02 1.725833916930853973e-01
6.517834964545200505e-01 4.938367851735980807e-01 4.201031379589673098e-01 7.076021278033233219e-01 -2.629301902051896511e-01 4.822265629708683554e-01 -8.535463124347127117e-02 -1.395365053916301779e-01 -6.812218137987949285e-02
-1.559299176061543779e-01 -4.654193012980769040e-01 8.290537552374262209e-02 -1.114975651401213241e-01 8.089255576005965898e-01 1.648918348178305404e-01 -6.864935202068455089e-01 -3.768327565590879336e-01 -4.566272836100401245e-01
3.534471413206055623e-01 5.279272233031541139e-01 5.991784400350931294e-01 1.551324099784679167e-01 -6.328694169550198589e-01 -6.511989587050367456e-01 5.409521647725512583e-01 -1.410486791410147933e-01 5.141335122227485011e-01
1.668827328559410739e-01 4.396890012790521940e-01 8.449934735835205879e-02 5.823992692544640581e-01 1.403839050073162620e-01 1.113262140993465793e-02 -3.110062035220436116e-01 -8.998211576029505609e-01 -1.672113038419298370e-01
-6.509383912309492093e-01 9.996715062554264453e-01 -7.197426165518900909e-01 7.861540783798278698e-01 7.406414960498582944e-01 3.174311221751766054e-01 1.850999925652451472e-01 -6.966796910849798463e-01 1.346174866601848874e-01
-4.066807412261841392e-01 -5.841247212377242981e-01 1.849078076819485883e-01 -4.430957051899173660e-01 8.456837676616077992e-01 7.650397618830474533e-01 -4.985348213460893962e-01 -8.378651056312960144e-01 -1.018616206376998790e+00
-1.591959282326423364e-01 3.453264316141851920e-01 -7.319997630752573814e-01 -6.148783866230139727e-01 6.557820438472123925e-01 -4.131882838127133861e-01 1.495693956680992920e-01 -7.320861374041077729e-01 -1.580429851664615137e+00
-3.134110878510206616e-02 -2.620420063332613569e-01 -9.733819136634018765e-01 9.488183579695602665e-02 -2.529183328834893052e-01 -1.094383777903494212e-02 -1.004404184390745858e+00 1.391574299915294410e-01 -6.409028872960503831e-01
-5.608832714609938985e-02 3.754775480108125674e-01 -1.260549129062818796e+00 -5.021328505808638765e-01 4.391894814990860985e-01 2.987275379164215927e-01 -2.364130544290497793e-01 2.765963946350740166e-01 5.200531981398069936e-01
6.563686832632769086e-01 6.163481618690348496e-01 -9.185728935174445331e-01 2.585033464710777551e-01 2.058892366706916444e-01 1.535322652591053216e-01 4.904753330854810800e-01 -1.038685995256303674e+00 9.744573483035295913e-01
3.973110748264405689e-01 -7.414453964227740723e-01 -9.015685385398527485e-01 1.421777499277097068e-01 -6.493400027979673306e-01 1.890746763703043121e-01 -3.703032437765754192e-01 1.553482339701276749e-01 7.872083960626093946e-01
-5.109066550897826131e-01 -8.337419795244025433e-01 8.001365619912950145e-01 -7.054940986647240120e-02 8.301360062432572295e-01 3.600867295181391370e-01 9.148914828195446880e-01 1.247770529388826932e-01 3.333005084726652911e-01
-7.629982758080918748e-01 -3.147163058331919339e-01 -1.009723998753474961e+00 -7.466263830064632234e-01 4.067937341407148466e-01 -1.035232146608727311e+00 -3.809823942947479503e-01 6.251150509813834244e-01 3.526411940951873492e-01
2.667123811335231354e-01 -7.484577738311082307e-01 -2.710015510247295589e-01 4.369263639176040187e-02 8.136648797744980843e-01 -9.140501679589083661e-01 -6.694803135326179433e-01 -7.949131641888588229e-01 -2.261526959559794492e-01
2.361480302421883112e-03 -8.338566362933663711e-01 2.207168336959910715e-01 -4.475241419846329172e-01 6.911047351276533579e-01 9.654075048109035662e-02 -7.480302678040495756e-01 5.742114120731659499e-01 2.044846497817367048e+00
-4.377117346116816687e-01 2.894638064664382116e-01 -1.904127463840799839e-01 -2.675055152596146277e-02 8.413705681062557673e-01 5.566654163599582539e-01 -9.760143370838678667e-01 4.122892062629712751e-01 1.225800259887282473e-01
6.561184223406452132e-01 -8.011111596202916685e-01 -6.757578500543487410e-01 -9.674365192397978985e-01 -2.956130918091823823e-01 -6.781562492337893655e-01 2.276874780938397402e-01 7.147134305430626888e-01 1.343340575420236327e+00
4.390431898185148674e-01 -3.259337276934558547e-01 7.017976991818003496e-01 -2.037738348773566743e-01 6.293300100730830904e-01 2.386504188201840973e-02 -7.899164736398004427e-01 -1.031420692993578303e+00 -1.814402612015930227e+00
-9.161181626145810108e-01 -1.429526111086115714e-01 -8.960789643917713709e-01 -9.863312296746592489e-01 4.525763080006861006e-01 -3.777106349971480204e-01 4.496317463459678643e-01 -1.951660091472198766e-01 -4.156114553191359029e-01
1.443972644960524465e-01 1.375415870262657048e-01 9.006553225383044925e-01 -2.878243196089369516e-02 9.536355014483964831e-01 -8.074154983627204185e-01 6.812328238353742016e-01 -7.456052108418367297e-01 -7.324435689813779682e-02
-9.198534635944498605e-01 1.406438269193052149e-01 -9.165970110107188873e-01 9.560409374573189956e-01 8.768451629579823159e-01 7.632614370270774939e-01 9.203551683363153657e-01 -5.512765569288863299e-01 -2.751353854201569193e-01
-7.237879499857304832e-01 1.567447154373750040e-01 7.920879146340579213e-01 9.192068245438370644e-01 4.098798791779714734e-01 4.631044900411035448e-01 8.052210253687720476e-01 -2.621294020289912097e-01 -7.714681407866941232e-01
-6.977197487746181759e-01 -8.822276406187947728e-01 4.281106096459065258e-01 -7.537286626976633652e-01 -6.497016893389978565e-01 4.276568463631875150e-01 -5.088397236564100590e-01 7.556662475666917622e-01 -4.418337788152973400e-01
-1.186741557734129343e-01 -6.600841369168851669e-01 2.863166726343863155e-01 -4.700554564232559129e-01 -4.975151538022135056e-01 -5.255759409178432096e-01 5.573771213722086282e-01 -1.335906409925790683e+00 1.838261715316855394e-01
7.385775408518154839e-01 -9.936125787525931230e-01 -2.056220332450067398e-02 -3.619006615439916419e-01 7.276840671998213717e-01 1.882570410753767534e-02 4.352264260323291389e-01 -1.348590912605681924e-01 -1.584614521945045540e-01
-4.984351605105493133e-01 -1.015517737101866214e+00 1.286745324823706793e-01 -4.932788655324800153e-01 -5.932387132110530231e-02 7.563845781359973541e-01 -2.764696045578854955e-01 -6.167549392325529789e-01 -3.605894938849824038e-01
8.989506075243194338e-01 9.131520673065821603e-01 6.028094042701451771e-01 9.454770129250488209e-01 -5.276991868145198827e-01 -1.259032116702521797e+00 -5.207021562547629046e-01 -6.999000552101685146e-01 -1.992414812296461113e+00
1.770288422047772148e-01 -1.598222575985104588e-01 5.974040701360493477e-01 -6.374755729073997568e-01 4.183730770393900289e-01 -7.073861801065987054e-01 1.003321018484857746e-01 -4.549655497220770339e-01 -1.496426417496320438e+00
-6.552095062288824101e-01 2.337131663377847168e-01 -5.519708412345059045e-02 -6.976333841203577468e-02 -7.235467092221603558e-01 1.236527272216640383e-01 8.930298754694301344e-01 5.538939496682916408e-01 1.947801403347888261e-01
9.227108710899013522e-01 7.816590111941293939e-01 1.156489532554856037e-01 -9.021591353664790702e-01 -8.020601193754588465e-01 -7.213997364411912638e-01 -8.173500398056940397e-02 -9.722809516338182245e-02 1.857446857421899855e+00
-8.844955652679646896e-01 8.324611485702173574e-01 3.837031850873052208e-01 5.060220534234362022e-01 2.186611423609791938e-01 1.058928386288096879e-01 -1.559144640249379710e-01 -1.122074864217836199e+00 -8.151225985792607265e-01
-1.411732688920900591e-01 4.006821574159845079e-01 -1.691302793152000272e-01 -2.310252868655912617e-01 -8.224818039991182994e-01 -1.330574071267548675e+00 3.229793990374676960e-01 -6.920868791243779405e-01 -1.197758416914319890e-01
-5.622497895749296593e-01 -2.354656223199121379e-01 1.268192236704883125e-01 5.192847350127840489e-01 -3.882609182316120594e-02 -9.549391756038262402e-01 -4.380346599060640500e-01 -2.201460797492157118e-01 -5.496343322876209303e-01
4.979046068924981583e-01 -8.835460705668090053e-01 -1.247381472036748873e+00 -4.298782224501315752e-02 3.915768192569936135e-01 -1.409958997886494592e+00 1.789103742267625363e-01 5.518728071357809767e-02 -6.768076220897748518e-01
6.707040545729400227e-01 8.498021215666712314e-02 -1.249712655440297082e+00 -1.420537257552988708e-01 5.559741928805083111e-01 5.945590051923894670e-01 1.968059215092713976e-01 2.924389397545577585e-01 6.296019357593477528e-01
-5.953875335750803410e-01 -8.402099541302500418e-02 8.501194984736581972e-02 -4.311360578864907867e-01 4.734873374236466259e-01 -8.942253568304805444e-01 2.986584817292142202e-01 -6.905981081629257723e-01 3.152756834658113072e-01
-1.973295301402875346e-01 4.806982079362194793e-01 -4.193077702572519105e-01 -5.122022883804278059e-01 4.867687450605571176e-01 -1.530592650062851945e-01 5.561239766041059518e-01 6.471752789109144199e-01 6.154960862237263131e-01
-5.589468221905290468e-01 -6.204264007629533006e-01 -7.839706633623321208e-01 -2.396097913232432264e-01 -9.767488269905660880e-01 -9.366287162248154718e-01 3.014487377303108895e-01 4.473521546874842381e-01 -1.254943422678816090e+00
-7.397708517601746525e-01 -7.710401937410853446e-01 5.855353214273620877e-01 3.007312844752472181e-01 -5.535443912885975454e-02 -5.933322982851511052e-01 5.527854489905758006e-01 -2.649566806339780922e-01 9.629515691800774047e-01
3.330796974607831973e-01 -5.206059730620207077e-02 -8.619952813735394237e-01 8.566944307825953286e-01 -7.139871939681664559e-01 -9.064185878951437347e-01 -2.646599076523514227e-01 -3.928452615837917938e-01 -1.519851062222859595e+00
2.279338400611760351e-01 -8.246260018809967729e-01 1.929065895209171322e-01 2.685933836234588035e-01 -7.543466109354783899e-01 4.152027078041360397e-01 2.941138954147374251e-01 3.842430651590000856e-01 1.309087328860260024e+00
-4.689893239060954899e-01 4.288033509193265314e-01 8.232180509217601472e-01 -2.624433783748393312e-01 4.812539949043191378e-01 -1.132298634166048812e+00 4.858900618681508687e-01 -8.675254436789161527e-01 -9.276755684221991149e-01
-3.380137359004602438e-01 -7.845402549478482923e-01 8.542635624242918002e-01 -2.899519625590383232e-01 5.213470270294696951e-02 -1.788917251592942737e-01 -8.029359466107622856e-01 -7.026208261185528103e-01 -1.551662888514843797e+00
-1.395736580739649346e-01 -6.032830859662765555e-01 -4.960296011094753044e-01 -9.320858863370264924e-01 4.173379196359495169e-01 -1.105319857699692765e+00 8.043482224711475670e-01 -8.495057504020624428e-01 -2.832591935505945901e-01
-9.520259460332219925e-01 5.993704543493379999e-01 -5.681752892038627323e-01 -6.147109145539808063e-03 4.565464203007896238e-01 -7.276264732799667678e-01 7.515086684582886201e-02 -5.647161049442462888e-01 4.369741768722109065e-01
3.154503236539890065e-01 -8.435583560028466765e-01 6.794335541057147099e-01 -1.134518045877904724e+00 4.709092340862731652e-01 1.098273895167801578e-01 -4.493049769531640147e-01 2.805430325166767824e-01 5.379317164603928392e-01
7.381643406149586140e-01 -6.880402672158744126e-01 -1.165158498214846183e+00 6.422757162401496744e-01 4.191892041068656649e-01 4.362525229706988861e-01 -1.868854587882537999e-01 2.913428626016523193e-01 1.210998166221011640e+00
-5.585926158606516756e-01 2.568545147303325504e-01 2.688553215447434530e-01 -8.319633755777387785e-02 -5.000120799027242269e-01 3.540197613115812492e-01 -1.294631031824334588e+00 4.411976501055555056e-01 1.524808952559405517e+00
-4.442573151090609684e-01 -6.865060140351311180e-01 -5.187924738936530167e-01 -3.394561844994005706e-01 8.222450867483569459e-01 -4.447474530373922430e-02 -3.937217950675476752e-01 -8.193740000356326547e-01 -1.120067056282841422e+00
2.378306922966908488e-01 -3.089537780500533626e-01 -5.381733431508405052e-02 -4.953888846025953502e-02 7.320406029201323994e-01 -1.603269873127809997e-01 -2.433512161614472813e-01 3.453775412873397177e-01 -7.198056364595634138e-01
-1.046405538053631484e-01 -3.922088699978316106e-01 3.154267730180832507e-01 7.508689561796628720e-01 -7.167889411782879527e-02 7.445230818758415969e-01 -4.009184256495514076e-02 4.477028904386975983e-01 -3.662451213261734839e-01
-1.659025735724773687e-01 7.563753537495166990e-01 1.527954273615324821e-01 4.512014577528126735e-01 -1.226361846588391868e-01 -1.931342500422160713e-01 5.332933860109297930e-01 -1.142556778702144671e+00 -3.694324138495033716e-01
9.589460680065383658e-01 8.555573452276118984e-02 -5.863882689638688639e-01 7.565202420418846163e-01 -4.826616530585261522e-01 3.342438361377804701e-01 1.353779931447920415e-01 8.423846079006321874e-01 -4.647041254646459840e-02
4.289511622713414463e-01 -1.254444159422536620e+00 6.593559959073940213e-01 -1.106896985323069682e+00 -6.878450382310667965e-01 5.976762157488519911e-01 -1.265674606981351369e+00 4.115492230059888401e-01 8.847580036731760300e-01
-3.589618695820130378e-01 -6.152679322405448792e-01 7.178200235630798343e-01 -2.843805288903059059e-01 -8.465066742997842120e-01 1.082863927356012113e+00 6.537706186523721819e-01 5.410453197663455532e-02 1.255970878350857411e+00
-2.220710555750213810e-01 4.584220688703192215e-01 3.235129478781924306e-02 2.944595660711963811e-03 -4.415862646520399837e-01 1.230506122880989484e+00 -2.949917403263973559e-01 -5.480837998401857369e-01 -5.333249653533020940e-01
-8.996138572041975090e-01 3.814366426973790358e-01 1.494306079210967753e-01 5.818809998591504273e-01 -9.615079979649548969e-02 7.734867410838349722e-01 3.849794530936910819e-01 6.603013761124948422e-01 6.351298589528479033e-01
2.074405766535175333e-01 -7.142407641748786951e-01 -4.765619237379114526e-01 -7.177374684724485698e-01 -2.223154353687653573e-01 -6.120322574393477488e-01 -2.458955586984544750e-01 9.193872780091840724e-01 -4.466865552926529981e-01
9.242142903391044051e-01 1.879422263730305409e-01 -4.173991808670467485e-01 6.422947911776382135e-01 1.626031239775453108e-01 -6.098223906488153823e-01 4.921542538960706481e-01 -2.135785659801817116e-01 -3.249877191921670128e-01
-3.391996644122277083e-01 3.193783237352489923e-01 -4.470108104708335195e-01 6.273765919115258383e-01 -5.429722439168956916e-01 2.935355214466592866e-01 -1.206269161406923890e-01 6.535534711431914001e-01 1.662779892129291115e+00
-7.930942931929658712e-01 -3.654156547155743007e-02 5.690691619876496743e-01 -2.523977456538488706e-01 6.602640339069867359e-01 -6.688387604239763862e-01 9.398361016510783927e-02 1.463131711906467958e-01 -8.988072975671326237e-01
-1.013197789953191430e+00 -2.789528006845464203e-01 8.253032150798349509e-01 -3.637320657851887407e-01 4.011543370648177897e-01 -5.209447743855964985e-01 -4.262157322554894212e-01 -7.310622407418644331e-01 1.308654161354570356e+00
4.951781169708846519e-01 5.235574196407667413e-01 -3.264623330319662564e-01 5.237662209189525298e-01 -3.832756105638677746e-01 -1.940200658102816389e-01 -1.023888043339216819e-01 -2.960491393183203312e-01 -1.625414930002210712e+00
-5.068015528959059907e-02 2.263719404763328003e-01 4.446080784768858402e-02 3.726594036127109724e-04 -8.171389401372547434e-01 -9.267501216453829516e-01 -2.034373458020397873e-01 5.800156679296130102e-01 -1.075644572681499156e+00
-2.400043077135637082e-01 -2.362134587202750213e-01 -4.774692372169218185e-02 -7.595011118286263407e-01 -3.348464736112565787e-01 -4.575437581519573027e-01 7.298590659205581588e-01 6.505334414051402447e-01 -1.928709601319105460e-01
1.091941819543902903e-01 -7.936926981526886138e-01 -7.262967716541633700e-02 -5.332067155483165566e-01 6.268774442219627874e-01 2.082323364512977115e-01 1.484216596119709020e-01 -8.621176635492828755e-01 -3.580501278187678271e-01
9.279520397572496027e-01 6.953351830800124089e-01 -8.419348473909811503e-02 -7.752768591166699919e-01 3.270170525892534402e-02 -7.239688755928851138e-02 -2.169642753906094734e-01 -2.857306935277764137e-01 6.800278238936389164e-01
5.014311120885024398e-01 3.121456484273131826e-01 -2.986779386868199451e-02 7.110954624446866879e-01 -1.030896260671985143e+00 5.975849093791794076e-01 -1.005885350966894132e+00 -9.750193200366243929e-01 -1.313657092959459982e+00
-7.135690212345507932e-01 2.444709975237023825e-01 -1.103984971149388761e+00 -3.746344430694464878e-01 -9.194190061493315858e-01 1.144046869716067727e-01 2.930778255132239773e-01 -4.271232534225313238e-01 -1.056233775699067179e+00
6.644925066905403854e-01 -1.912277211288148371e-01 5.957315042849454789e-01 1.780293086139187186e-01 1.877995451021941264e-01 -9.589800318893441089e-01 4.291328802312686652e-01 -2.767704365588083970e-01 -6.617782294922983644e-01
-6.775102642450860080e-02 -2.504978359142280286e-01 -1.274818802028052922e-01 9.901412440384348423e-01 -3.643327651181221816e-01 5.491073236727381790e-01 3.774272117192307291e-02 6.815911790980296869e-01 8.453668720604899656e-02
-6.208645278901697706e-01 7.831281889210249814e-01 -1.099472574274733105e+00 7.849662477913562642e-01 6.390478797836877944e-02 -6.976661756386206559e-01 8.935705791265480258e-01 -1.149662469080361848e+00 -1.194181121262836376e+00
-1.195009186363755083e+00 -1.300626726748201900e-01 -8.431403715359488960e-01 6.538076588570851388e-02 6.891867707863602588e-01 6.737915809876016127e-01 -2.999639274619751439e-01 2.484316958101041306e-01 9.873381805041495651e-01
-1.897000392481799080e-01 -1.396005267676433403e-01 -9.442660916103001734e-01 -4.191811910028032107e-01 -9.645264884679898287e-01 1.221958837416678573e-01 -2.610651491609131680e-01 -4.318908191257896378e-01 3.967697199414739195e-01
7.055455152110794159e-02 -2.282779546354852251e-01 -6.317597498894285124e-01 -8.538498685886152240e-01 -2.791974476012851758e-01 -1.230302660888728639e+00 -5.000660213578403956e-01 -2.013176125660065818e-01 5.982557174075383566e-01
-7.533984142433445275e-01 3.794188627796845625e-01 -4.405925343205841643e-02 5.989890612039951989e-01 -6.728490280513307331e-01 -1.070255085531353512e+00 -2.101316153793482688e-01 4.288993663834556047e-01 -1.474465340479752307e+00
7.013723934333915278e-01 -3.261062014840339085e-01 -5.605418613786825599e-01 -8.428082473863777180e-01 -1.805340833043037330e-01 -4.386188679698937443e-01 3.321102200227819545e-01 -1.032726172426209788e+00 -1.340301689566732124e+00
-1.015497277492861450e+00 -8.608680698507463758e-01 2.605130384669484545e-01 -2.478014344444820216e-01 -4.146285458641960076e-01 1.044323794225252011e-01 9.770143384861108560e-01 6.339149170195172989e-01 2.932081904606371747e-01
7.733553685805244493e-01 -1.124782933182214784e+00 -1.178246392545767351e+00 -8.819757183944093581e-02 -5.382374987914023690e-01 6.412423988719160306e-01 -1.315267756453694648e-01 -1.023325167590182216e-01 1.035510743542089385e+00
-1.044283498887490502e-01 7.082539894722764684e-01 -7.544068852117566948e-01 -4.228340442563702783e-01 -4.003911407808916634e-01 -2.939714474952733747e-01 -5.855551402630613245e-01 9.530161405827135279e-02 -1.420791825730437941e+00
-9.530084389497348596e-01 6.061059564350791407e-01 -7.959681654726952216e-01 -3.192236440309258461e-01 -7.369698134193131481e-03 -1.538017688463485799e-01 -9.359671006563821116e-01 6.739810659186308284e-01 1.157788581789993332e+00
2.891942613299758325e-01 -7.029762964907427802e-01 -2.176293028186981615e-01 -5.947307420323170168e-01 -8.344608275524421914e-02 7.351464519642241235e-01 -5.969201049263169745e-01 1.612056031827096558e-01 -5.872903146360942683e-01
4.060312507391096726e-01 -4.118594158122571014e-01 6.341904824757440551e-01 3.997609769011649106e-01 4.695890574619909219e-01 -5.000335127028953108e-01 -7.007275906568507517e-01 -1.230750317962819862e+00 -1.657937868370043200e+00
-9.072043188967862104e-01 3.848168540730181331e-01 3.197554396305473112e-01 -1.515392873352667813e-01 4.841430364803758213e-01 -7.656613700361228347e-02 -9.450577537934932160e-01 -8.379197038230308259e-01 -1.006357089697308194e+00
-5.013969338221410110e-01 -9.746731079228867500e-01 1.687519224415131025e-01 -9.563958450858216220e-02 2.297365448907534302e-01 -2.645404292163112681e-01 6.528457411970289836e-01 -1.543082296381078355e-01 -1.572047442128629458e+00
8.204405958369398455e-01 2.259553477208450789e-01 5.464278793200825213e-01 9.954242667047026316e-01 -9.659254744357377298e-01 -4.217242707868266161e-01 -8.433260571778679049e-01 -1.180546150068654543e-01 1.451671905958394015e+00
-9.658988126042451494e-01 -2.178772845679895209e-01 -9.884517351421655551e-01 4.427686505147990781e-01 5.046541107686576266e-01 -1.226449277889938960e+00 -1.782056079687979744e-01 -8.096963467454251218e-01 4.499503763759007402e-01
6.720051599285031818e-01 -6.434968059313066722e-03 8.060051017404996632e-01 -4.640096781349617450e-01 6.013716315238543109e-01 -9.833772659997025434e-02 -6.109334615566395232e-01 9.001191463194049280e-01 9.976980353648985389e-01
-1.140648797945894133e+00 5.726993879356037098e-01 4.030913540676801521e-01 5.081767699418895945e-02 4.288883026611459148e-01 -4.290494132146700501e-01 1.731087708168316530e-01 6.222797908173376413e-01 -1.040597063565894542e+00
-8.175820106001364662e-01 7.515554811042561845e-01 4.351241054654813589e-01 9.658803236839676870e-03 -3.774733689807376336e-01 -5.420564787534074558e-01 8.030448406430916730e-01 -2.524868919421326963e-01 -2.272189053197738229e+00
5.786089254275906812e-01 -8.116300351312231154e-01 6.124594451901878012e-01 5.046053716870395611e-01 -2.876832224205813082e-01 2.810357585671092728e-01 -1.675930497208002190e-01 1.752550737134235259e-01 1.299251344795251839e+00
-3.877846305469918597e-01 8.113612424352782959e-01 1.292095387082960178e-01 -7.313422094268976492e-01 -5.446988102967389445e-01 -1.232426848120138797e-03 -5.718227196501773912e-01 -9.292293246059206702e-01 -1.306399142460446861e+00
4.640910955657356896e-01 1.666127514433650425e-02 8.533700952300706799e-01 -4.654673910331074693e-01 7.108573783403517032e-02 3.061278217963481763e-01 9.068694716417041723e-02 -9.067557118941678151e-01 1.086824286185068766e+00
5.483737506149544139e-01 -2.914880883319907467e-01 -1.160921770278878551e+00 1.989966378889391208e-01 -1.368012791566300956e+00 -9.442565855837341537e-01 4.512407352850749120e-01 -3.119317452895702392e-01 1.901076462535547240e-01
2.470105124315668532e-01 6.062016044688586236e-01 5.919007721599292005e-01 -3.917309438080250894e-01 -9.129939302412533042e-01 1.120625066993886504e-01 -2.588407075041646022e-01 -1.046414700484661564e+00 -3.511036632324341933e-01
-9.096113933033264098e-01 -5.741297840765041682e-01 6.275039468108404295e-01 -9.771192857298295342e-01 -3.642622630400775829e-01 -1.038601828012926553e+00 9.595027671711432449e-01 2.565527251246849452e-02 -1.043487869278070468e+00
8.527393295420538921e-01 -1.954282715085737046e-03 -3.349168877829200031e-01 2.060743316708606720e-01 -5.167221126309612389e-01 -8.835368608439710947e-01 -3.202875982887127826e-01 -8.414196582142271508e-01 -9.727151398040358998e-01
2.529660569344811538e-01 -1.055206597819916547e+00 6.316757890433826184e-01 3.903586553702085293e-01 4.183440126736374109e-01 -3.063097491474125675e-02 -9.914144781048581656e-01 -4.523132745266623678e-01 -1.327925616955839994e+00
-1.049127734031692211e-01 -4.521704292379284396e-01 3.058070606007641801e-01 1.030474721145312189e-02 9.083753877384745379e-02 4.279452125271602236e-01 -9.674945837099316881e-01 5.032499658356538452e-01 1.633070866597835291e+00
6.669269339031274058e-01 -6.892874502174255458e-01 -7.286448505890030791e-01 -3.705128582738182463e-01 -5.769312125269969727e-01 4.256224475241698890e-01 3.380046941475187833e-02 1.973240006009723824e-01 -6.277719498294906941e-01
-7.268491232289214787e-01 -7.162145309216236821e-01 -2.457772120058294707e-01 -5.001874827456289641e-01 7.781180863489104427e-01 8.431679985191192772e-02 4.851738947410569880e-01 -8.244698499695712890e-02 -1.615778439832863178e+00
-4.746384191138329767e-01 -1.133706673666563247e-01 -7.193837379071932325e-01 -9.285842336586342949e-01 3.937857746667383085e-01 4.159885588563290715e-01 -3.737026230533873061e-01 6.779908954349125327e-01 1.872660056763030545e-01
5.427237899241343921e-01 1.082271995771127843e-01 -4.796903114263397633e-02 -7.718258740793475514e-01 -9.686210659093659470e-02 7.020982438666270031e-01 -5.299402153891276113e-01 6.636595286086556245e-01 9.406857235994318112e-01
-4.060789114810874345e-01 3.440691773860701241e-01 6.898026578407741027e-01 -9.732360386056537749e-01 7.143224956260473268e-01 -9.449769844069572100e-01 5.586567096209174021e-01 1.056550942131570664e-01 -1.360266762597030832e+00
-7.332954232063593203e-01 3.206534953604348037e-01 8.948424198504614235e-01 5.969992649484965330e-01 2.934783297180984518e-01 1.169530102793701287e+00 1.788518230734579273e-01 -4.761490279939585291e-01 2.776522560209751522e-01
-2.706406664629383285e-01 1.116689879654228834e+00 -1.763501144846132129e-01 1.050313934434542018e+00 1.689229137029630567e-01 -8.071602746821563423e-01 -8.075739623444437854e-01 -3.619200959947729279e-01 -1.630572000139792310e+00
1.313178306386903749e-01 -2.329589953312714290e-01 9.240195020723346309e-01 7.647492617646115542e-01 -7.602540353364970471e-01 -2.085532579506863271e-01 -1.422221002110637400e-01 1.390621082060124192e-01 8.731411543626554916e-01
-4.522796577233847981e-02 -1.796984671974570513e-01 -5.485516960853193957e-01 8.046409516551996655e-01 -1.009502251420637098e+00 5.061007175251038825e-01 -6.864650587010099336e-01 2.701212020950750636e-01 -4.689121495995161593e-01
1.001757985381343197e+00 -6.229855881806982687e-01 -5.569060316921606857e-01 8.215068103167132429e-01 3.181009705577422797e-01 -5.134217110709761167e-01 -9.080381204459624378e-01 -5.283872593460420264e-01 -1.535987594029009973e+00
-8.985844176302691944e-01 5.572240902132241658e-01 5.338695291438751989e-01 1.753709797072174059e-01 -2.185121470316842285e-01 4.215782265193829259e-01 -2.078886750629830305e-01 -5.118496083377845896e-01 -9.104914094859506424e-01
6.961986034630309739e-01 -2.633027447944300548e-01 2.769765979860552710e-04 -5.658573581135125652e-01 8.243081405062886446e-01 -9.749579048854020713e-02 -3.754256956445259918e-01 5.703452561323216763e-01 -3.984963067141331083e-01
-7.557403554411845636e-01 6.559004028040403833e-01 3.550596658660962746e-01 1.871601511802349904e-01 -5.339285832073830118e-01 -1.814554771760607671e-02 2.847604101051759984e-01 -4.832324186184823178e-01 -1.580812668093188655e+00
7.182865363234420819e-01 -9.683709041583062060e-02 4.874057474522633382e-01 -4.579033108732395441e-01 2.289144870699556245e-01 -3.781343942908101941e-01 -1.718921471453666028e-01 -8.785493395672052674e-01 -1.432237894266988443e+00
-6.725221585266684121e-01 -2.547885300500942196e-01 4.848714115763479438e-01 4.535452941327404730e-01 5.180074177112764522e-01 -1.079069328063002375e+00 5.512919068262416289e-01 2.128257531815209644e-02 -9.635220023477969464e-01
-7.635799661334857769e-01 -8.461184049640870786e-01 5.764379203938602148e-01 8.813666083958645592e-01 6.196309085546251039e-01 -2.433262698441373550e-01 4.217598133100081692e-01 -4.819408837672981699e-02 1.091480091509166694e+00
-2.282209973889629540e-01 -6.551869450471602130e-02 2.857333224930601046e-01 -1.049468212753277285e+00 -1.982820806130687896e-01 -5.885323075044154306e-01 -7.670762930215704878e-02 6.049567654974497000e-01 -5.940967733637099180e-01
-2.060105596888434365e-01 5.595195279067382010e-01 1.765954255534190609e-01 -1.418392306721557583e-01 3.585029930245353103e-01 -5.674225670374919428e-01 -7.191646404950102767e-01 -4.151531525751691598e-01 -1.469691546858465703e+00
-8.517398403532918660e-01 5.333303497911041635e-01 2.787222956415857933e-01 -4.788622511093005435e-02 1.884535244517523689e-01 2.139384353153422624e-01 2.210082404847014126e-01 8.031979503793669206e-01 1.584375420329692030e+00
-6.758116886119875932e-01 -4.351120826177379275e-01 -7.649426043976678136e-01 9.697466781446506534e-01 -4.951278245306432457e-01 2.437567896221687902e-01 -7.938701970372873395e-01 -6.553687492467877851e-01 -5.492593359388483476e-01
-9.215180057280687453e-01 -4.155093745258175431e-01 -7.807945186642277491e-02 -4.669922731767008339e-01 -6.698440141142647519e-02 -1.293094253011403405e-01 -3.552851094282210020e-01 1.532190724935605097e-01 -1.466309143494387845e-01
9.279669449109821666e-02 -8.355368281475547554e-02 -2.078328844492658700e-01 -8.037025975803750028e-03 7.160810390155347704e-01 4.609690045005833681e-01 8.212089207569767124e-01 -6.223066529644095957e-02 1.194821934667855912e+00
-9.407904841148099218e-01 4.244576160636774342e-01 -2.472323090324097250e-01 -1.017972656361926687e+00 -6.122724515890346497e-01 -2.645766493642013328e-01 4.310232169561197257e-01 -1.122406192864013663e+00 -1.741945365472143958e-01
4.013454162953568050e-01 1.428320697267764505e-01 7.629632228425871077e-01 -9.897040024225615129e-01 -5.980018251616444624e-01 7.622955309826119352e-01 3.995844729112994487e-01 4.385774133164684757e-02 6.718868454491095932e-01
8.134400936372822022e-01 8.908655997199904641e-01 9.170676082726304523e-01 -6.860822489552462766e-01 -9.242023510507834105e-01 -1.043141139878379198e+00 -9.911485756447609985e-01 7.358178430076742771e-01 -1.376650016913136820e+00
7.764454146457759887e-01 4.328790813169870466e-01 2.039785723300222703e-02 -2.758402607962440189e-01 -2.697986055518125648e-01 -6.381463407360620232e-01 7.949188877448994939e-01 3.007966026216477573e-01 -1.701682242832604164e+00
-2.862412946677084236e-01 -5.101326266362069539e-01 -1.093230620793662178e+00 5.144710542003650966e-01 4.266594193150193282e-01 -6.988445770497977438e-01 3.634616115568001238e-01 -6.080735335560399912e-01 -1.278405401150282783e+00
8.131223780886933650e-01 9.384894666373770900e-01 6.221458704021189112e-02 8.494709844537852161e-01 7.349895505579908672e-01 -3.681610502890678149e-02 -3.162045631590230665e-01 3.388609790110385656e-01 -3.221903467775795171e-01
1.652801459843603049e-01 8.077048308997946124e-01 4.757569833682842586e-01 -3.544566413477857614e-01 -1.038864195979311456e+00 -3.682323293435971201e-01 -4.099150281399899926e-02 -1.105770582129841223e-01 2.122306606584867694e+00
1.029297018765993110e+00 -4.605170041032982109e-01 8.286232032549721849e-01 1.071158686254300996e+00 1.099522345043909555e+00 -1.183031984759308042e+00 -7.829870157282570187e-01 -1.168072835508583873e+00 -1.802678403989319111e+00
-8.938068455461163353e-01 -4.153013749811652056e-01 -3.160983827656724254e-01 8.743604821390001947e-01 -6.434620780532919471e-02 -6.008752955793100758e-01 -4.819527982207742062e-02 1.453134856856653223e-01 -1.363899259259272245e+00
4.214985648221230008e-01 4.833630291355717201e-01 4.720433875031754822e-01 7.395418739046688561e-01 -5.108491936626613494e-01 -1.026891469227568660e-01 -9.191038264227403554e-01 -6.325320356635107943e-01 2.058407948116997233e+00
-3.491853037129744597e-01 7.966032145018785426e-01 6.955303681966190643e-01 9.428449250643837765e-01 -7.466302968366802517e-01 6.342950096036499286e-01 2.717930641514076928e-01 -7.160225448328915165e-01 -3.706141169717724893e-01
-6.891853194571597729e-01 -1.704341681307874612e-01 -9.973944686058483500e-01 -6.527583414182125399e-01 -6.667400059811599000e-01 1.331936622447787988e-01 1.127806927664018188e-01 5.337517357630464643e-01 -1.040245169873551090e+00
2.892882889193196250e-01 -8.455365800030580914e-01 8.915690799375790287e-02 7.849560279955670739e-01 1.063452417966578079e+00 -1.112209167920167996e+00 -4.648185367726925254e-01 -6.785110237421354551e-01 -1.662980002527381318e+00
-8.639920485611743972e-01 5.482713480202500850e-02 -9.752651709085172760e-01 -3.390812880282111363e-01 3.028640604679530557e-01 -5.841823427484883480e-01 -4.418945908784481236e-01 1.067601468273418758e-01 -5.262059145045140385e-01
2.233321497123069432e-01 -2.112609130373107047e-01 5.637504161970296329e-02 -4.206221906366176544e-01 -5.461080175577557316e-01 -7.802669818460260531e-01 7.985423444781136748e-01 6.049801659151805566e-01 1.154925181463780204e+00
-6.141690885533409583e-01 8.779659173173214315e-01 7.379792059062797449e-01 -3.604431065402259882e-01 -3.937337662777535274e-01 -2.310739312015825664e-01 -5.709644753839893117e-01 -2.871791941191586539e-01 -1.667543195762259733e+00
9.005155340791293206e-01 -1.538792369271189120e-01 6.473443374935264893e-01 2.833731804965283763e-01 -2.399565069030596409e-01 6.908148078476041842e-01 -7.999976722016967079e-01 9.478362811284520018e-02 5.059698857786230075e-01
-6.949306178270421575e-02 -8.876153076844908174e-01 -1.811995833765528974e-01 -8.852367530511602578e-02 5.036457835752095047e-01 -9.279473470446670813e-01 -3.780232901013742541e-01 -8.929490760878958655e-01 -6.660343906921242230e-01
1.024844545484686398e+00 -6.052037503677181185e-01 4.862470126648619773e-01 -5.023926176499426965e-01 -8.839194066799824778e-01 -8.661796592436321607e-01 8.587866154283605447e-01 8.008061368302155092e-01 -2.676049167077451663e-01
8.403573140965830968e-01 6.352412731797859591e-01 -2.651896340574811939e-01 -1.213825867208465636e-01 1.610495491077351127e-01 -1.008834668923267452e+00 -1.084326734036560103e+00 -7.479641033116860571e-01 -1.808587337142472995e+00
4.298553988993646380e-01 2.176382712975063194e-01 -3.036490500824492456e-01 6.380485024491384660e-01 -5.980855875751704964e-01 -4.693374108782836784e-01 -3.318398170652386292e-01 -4.975483438622803622e-01 -8.350261338693013569e-01
6.232369762480557407e-01 -1.047023294088364365e+00 6.774351067344216992e-02 -9.420968664919614488e-01 -1.235149811547465060e+00 -2.538161251084754544e-01 5.990983849508862980e-01 4.133947920805891574e-01 -9.177726176181528750e-01
-1.296851737627727985e+00 3.982540587407837895e-01 5.686085799113280714e-01 4.250790451231976630e-01 2.364252545156477203e-01 7.144293901224368915e-01 6.102866823435006971e-01 -8.484520473688471343e-02 2.631253931448365169e-01
-9.019673608996120473e-02 2.685734777146528973e-01 2.996064319541811294e-01 -4.202044353610880079e-02 6.468694448887897241e-01 -6.841378361953559528e-02 6.725184527399162837e-01 -4.568636139658207029e-01 -1.141523614397747188e+00
9.200724427416505646e-01 4.003092609317193129e-01 -6.721066515910751882e-01 1.865727193465680778e-01 8.311563215475128441e-01 -1.168822729980967257e+00 -8.400446854397187746e-01 3.496277796309774089e-02 -1.143388417313250471e+00
4.532681019424945612e-01 -1.776664089556869233e-02 1.460919824562432467e-01 -8.269871562954556055e-01 -9.992779481595075453e-01 1.124547253660248686e-01 -2.562482004241253275e-01 -9.615538132727250442e-01 -1.425826885954624978e-01
1.823954490950658591e-01 -8.204767142574755923e-01 7.444088368896337737e-01 8.101340643308592160e-01 7.923289251504673780e-01 5.851653937562509844e-01 -2.443925934397079003e-01 4.775150393694679862e-01 6.505536873071519899e-02
-3.567172350335435227e-01 2.380561468441487749e-01 2.483973874543441152e-01 7.598592501711404212e-01 -4.770432650731866731e-01 6.956591000715161011e-01 8.832556660958631456e-01 -9.062141819100030249e-01 4.079013473121109179e-01
3.924278311158730520e-02 4.371574854210066308e-01 -8.450996890241223580e-01 5.181229353097724921e-01 -4.711211297384762520e-01 5.428925737961018960e-01 -1.108533105986584610e+00 -1.062710288267328718e+00 6.503926363067867866e-01
1.698824005748958421e-01 -2.286070597858864684e-01 -7.934158504631386721e-01 2.824574117602561829e-01 -1.028527621553225968e+00 -5.861911835569995066e-01 -4.489859926703453907e-01 -1.411727713216865722e-02 3.526179607138307109e-02
5.250539468667404508e-01 6.874683875278674305e-01 3.033812564904225240e-01 -9.366369062666858938e-03 -3.661108425800773669e-01 9.901397209518605358e-01 -8.099669992763357529e-01 7.812696589460940144e-01 -5.806163871781917091e-02
1.919002492580433872e-01 2.982528293747215287e-01 -5.044562577040528906e-01 -5.819052309111705235e-01 -1.341172504903285490e-01 6.186820770654974933e-01 3.463937612005746347e-01 -9.651294941904973168e-01 1.072758026062625714e+00
-4.692369948881523756e-02 9.239497077273134407e-01 2.325608025881820973e-01 -7.689136550086492772e-01 -5.122004457907860520e-01 7.621661554669222349e-01 4.912553567432131341e-01 7.675034056949793237e-01 -6.925889019353491660e-01
-1.050345679093055984e-01 1.861894771411643223e-01 1.095874571193294483e-01 -6.178431801654066247e-01 -1.916445015335405677e-01 -6.420890029976047408e-01 6.136374752320076231e-01 7.900312041814888664e-01 -1.413054662906260805e+00
1.860040103698906433e-01 -6.086767806357903376e-01 -6.009181727594258005e-02 -7.286097737069126001e-01 -9.624037788705804009e-03 -6.363882129120834730e-01 -7.223574842503456273e-01 4.232381912687874781e-01 4.884624622770535884e-01
1.839093884907241627e-01 -6.520937206950837561e-01 6.578900905087584627e-01 3.853230700902204320e-01 3.422476794003162515e-01 -1.000265450138718260e+00 4.996682575169960616e-01 -8.230848808536465055e-01 -5.749151180866080013e-01
4.266726715320489638e-01 4.189657362294181286e-01 -2.436987972499370103e-01 5.891723875533717569e-01 7.864702505834382240e-01 4.379764486018770248e-02 -7.532861119056480925e-01 -9.194204271362450553e-01 -1.446529513491256580e+00
-7.424152839730379094e-01 -8.470708306712828595e-01 4.378972693607044997e-01 -1.044694752039695196e+00 -6.961745852942731183e-01 5.974906929333828609e-01 8.007962451013302951e-01 7.173933403008939114e-02 9.670197813951514343e-01
-1.041966388318249059e+00 8.130598013011299807e-01 -2.947237314732210622e-01 5.222660033914922062e-01 6.441115492521630737e-01 8.646100819696401762e-01 -7.719528857150902146e-02 9.498452067228689844e-01 -4.073255450586424353e-01
7.416625419870038760e-01 1.576019497006755643e-01 9.639703506370768116e-01 -1.066563703812859254e+00 4.298449727422920530e-01 -2.449950185713336767e-02 -3.370685065824654408e-02 -5.533661197525107101e-01 -1.146801330242722905e+00
-4.700702471642749791e-01 -6.399232150773206396e-01 4.497215674178322575e-01 1.044553259195055289e-01 -8.572480429821144332e-01 6.134357851000660222e-01 1.766797823287991343e-01 5.654641402125949456e-01 6.395017033266615636e-01
-3.205977258518669659e-01 9.633554988201149527e-01 -9.199244361165648254e-01 7.794705592165681596e-01 9.153486365300682603e-01 -4.084808761895306617e-01 -5.991102084000782257e-01 9.340881995752528533e-02 -1.735993326066044729e+00
4.620070311743266767e-01 -7.008688107236991094e-01 -6.572688270341079386e-01 7.344543105723310150e-01 6.277468293503333241e-01 -3.136158005277490252e-02 6.470717588646901497e-01 -3.875878982949498841e-01 1.210967485162476764e+00
-3.705964883955253919e-01 -5.201647962027129424e-01 -9.883610165800700287e-01 8.368429625986616438e-01 -8.957989941549898694e-02 3.571034611720079743e-01 2.443479280458289160e-01 3.958885518782279678e-01 -1.382049391695439056e+00
6.481236030361086087e-01 6.959729963229391858e-01 3.152732323707661127e-02 7.419376744846249983e-01 -5.494525220604513649e-01 2.557766987242272028e-01 -3.015268234938288106e-01 2.716357718640746710e-01 -1.419038017599516810e-01
5.827312959500002831e-01 -9.445366385745342930e-01 -1.123209198887963556e+00 -1.010213474522422272e+00 -8.723972566005474549e-01 -4.878526056952169898e-01 7.512637668782873313e-01 -9.803812943082090836e-01 7.269805452140241930e-02
-1.648477324688698009e-01 -4.889454425216243627e-01 -6.272866973094151088e-01 -7.136445146665012507e-01 -1.070200190593957545e+00 4.537820445654687784e-01 1.983841444112342811e-01 -2.543180526086613602e-01 4.807385497306880806e-01
-1.005849502963129583e+00 6.420810123708213801e-01 6.578862921250669960e-01 1.479064556031946809e-01 -4.365723062777873698e-01 6.126777925663723368e-02 -1.747090699488939580e-01 8.954249711594353123e-01 1.665241755210296049e+00
-2.359529238650928396e-01 -8.979441514665065238e-02 6.119329428053272846e-01 7.685683899342200531e-01 1.301336125425484325e-01 5.205743887577252149e-01 -4.167625761030483433e-01 7.740948006231703760e-01 1.148672817666690715e+00
-1.226557482947587818e-01 6.418498165560675428e-01 7.927483509753553426e-01 4.525553965754412489e-01 -7.815241494816586032e-01 2.406705414043173452e-01 7.568989526155180947e-01 6.281593475825857364e-01 1.582957239955063988e-01
9.037334760754004437e-01 -5.224283243673226718e-01 -5.780117799843798032e-01 8.368154916300108992e-01 5.750195818023722261e-01 3.411686948494432881e-01 -1.118740852444659151e+00 -5.193172141853745760e-01 -1.597213631757073538e+00
-5.720411967859312385e-01 3.521098945561701998e-01 3.356321393519329788e-01 -2.037566250239698784e-01 -3.810883100866166995e-01 1.867417802844381913e-01 -5.059845548319852337e-02 1.118064512484234357e-01 7.423501065166651092e-01
-1.499107784444947133e-01 4.991651601690266227e-01 -6.282839896639996757e-01 3.960762294053868371e-01 8.711604411872531095e-01 -1.182905974863168286e+00 4.873784062359396430e-01 -9.319404475671192456e-01 -2.212515420662917731e-01
2.033261876509022126e-01 -5.300065949963627121e-01 7.878667700634446325e-01 1.421365305020511338e-01 -5.253692678897635693e-01 4.129267866648526075e-01 -8.249202014121336246e-01 8.846451801606768084e-02 -1.412979287563903119e+00
-1.055103203082752850e-01 -7.735953470651524277e-01 -3.278983187312458497e-02 1.505216811506167873e-01 -2.304831574807255645e-01 1.475046467795629590e-01 3.488017014898796009e-01 5.079216149585119577e-01 6.468478004433312334e-01
-2.745974893254890525e-01 -4.076588785252994174e-01 4.379364097703442593e-01 2.508636988418008196e-01 -8.704406279370183741e-01 -1.684418913105836524e-01 5.839670482020135056e-01 -9.948943189816191746e-01 4.989333861341548326e-01
6.194859186246273186e-01 8.660672690929474560e-02 -9.788046406392453269e-01 -7.519338110261302166e-01 9.406580562612985030e-01 -1.256936281552118784e+00 -2.243328798943267921e-01 1.672595291962700736e-01 -1.847106242760915062e+00
7.633448331677284981e-01 -9.391433045234758303e-01 -8.765016856781988885e-02 9.105482382124982510e-02 -7.573094185677571311e-01 -5.158238940454164256e-02 -1.425638053452812082e-01 4.699769148074715575e-01 8.938756783597423539e-01
-1.549168467420288797e-01 2.267993918004941045e-01 -1.029559061272918297e-01 -6.738796833696530930e-02 1.919250678438952362e-01 -6.426935906468407289e-01 5.026127691564602484e-01 1.239014693514555177e-01 8.975281693312293640e-01
-7.931060944682706282e-01 -3.321105023659555733e-01 5.679401584106519296e-01 5.679238561182929634e-02 2.703145017597791688e-01 -3.331689420448210037e-01 2.820584042563893945e-01 7.006442152056520101e-01 -7.953227261635665846e-01
5.935256240997432986e-01 9.606243351252299334e-01 -8.372830436767162432e-01 -6.492393503576038283e-01 -7.188868479228944786e-01 7.680379986835095263e-01 -8.437720020976074986e-01 1.189752378518386555e+00 7.824164705880624904e-02
9.484987212215406638e-01 -7.106961748110126598e-01 -3.669503096783616747e-01 7.582446610673030385e-01 4.450918984937416584e-02 -2.324321004459428408e-01 -5.262354338281634986e-02 -2.209635945817785621e-02 3.314776964182741120e-02
-5.485239139790619722e-01 -7.994094298718457114e-01 -8.614096958381338709e-01 -8.275835005416773971e-01 7.109324827212808173e-02 5.474343429713638409e-01 -2.791000498446261635e-01 -9.336060829825842955e-01 -2.058103791202471888e-01
-2.120441391142899139e-03 -2.585769790360009646e-01 6.557830635585605306e-01 7.158974106202464771e-01 6.973458506984792082e-01 4.365322236672420919e-01 -1.066955316346322180e-01 3.779403156672767050e-01 -1.175502604046881006e+00
6.177838606032531876e-01 -9.990937800712675898e-01 4.657103165444031467e-01 3.344020922967227416e-01 2.322877404285621783e-01 -6.029616506187210900e-01 -8.981879045384481008e-01 -3.682134182489339436e-01 1.440863941359551204e+00
-9.296240264102807738e-02 8.798400061649269688e-01 -1.263120054048581797e-01 3.479707904929278395e-01 1.108208765425441333e+00 6.606067178895417280e-01 -7.162354520872350472e-01 1.744486964073199975e-01 2.072083564738316230e-01
-1.175430675528750940e-01 -6.448519443724755051e-01 -6.974908325513026197e-01 1.095124780183483887e-01 7.539600583853771354e-02 9.727093265849328096e-01 -9.886478572616107519e-01 4.730453431732489777e-01 1.521786649951345494e+00
2.300840161025525799e-01 -6.795735093429837725e-01 -5.252069040841299552e-01 -2.935105176079264577e-01 -8.516873380258410675e-02 2.884444843695630964e-02 -2.687340445920994303e-01 6.130323969104342074e-01 1.372251722440962496e+00
5.548891581493691216e-01 7.172894619140629535e-01 2.311378468459292790e-01 9.160830499452125020e-01 3.075942564478882368e-01 4.081766217057916646e-01 -2.535742822372183403e-01 5.379850543933825113e-01 -7.497744271136331795e-01
-6.796749390922616207e-01 -7.737003120844659909e-01 1.950077228746987523e-01 -6.159936013671004629e-01 -3.694287714050059623e-01 -1.160819021749405877e+00 -5.025767774242012598e-01 7.942635908567537983e-01 -6.189963901555024517e-01
-7.997271188003555187e-01 -1.888187121620394857e-02 7.148638846055966889e-01 6.002493543077035421e-01 -3.379996867745932443e-01 -8.247420536918198541e-01 3.444194672146002612e-01 -8.424803599275817456e-01 -1.421382170020899727e+00
-9.652848762389116821e-01 6.537886906953049859e-01 -1.870155693131635433e-01 4.293225720350252184e-02 4.623897841573397782e-01 5.760558112803971786e-01 -1.300731419334651140e-01 -6.195942090494706012e-01 7.282486999245141313e-01
-1.164581295341976741e+00 7.673090065765556522e-01 -4.410095480624826557e-03 5.450509904261483518e-01 9.322930356434708243e-02 -7.468918063165320698e-01 -5.910317165864141797e-01 -1.281303847666137585e-01 4.134530151632783146e-01
-5.852781053815477863e-01 7.015922593740005035e-03 -3.090963189125223165e-01 6.042558506289695819e-01 6.259774267129236680e-01 -1.130972343121576240e-01 -5.193036490792082294e-01 -8.289914807835983002e-01 -5.390288713366617745e-01
-6.142430410525036022e-01 -1.532718591504692420e-03 5.860560982107824168e-01 -9.018741759618933429e-01 7.125660474277849543e-01 2.860936212741045925e-01 2.828391578965990805e-01 7.736639413741920324e-01 -6.991337456190351018e-02
-2.810311433664348657e-01 1.357505424433878560e-01 -5.786720736854589035e-03 -6.951494913150687571e-01 -9.567730688090032576e-01 -5.749843315240379393e-01 3.344952505523457464e-01 6.901642497292501122e-02 -5.186607772312705478e-02
-6.151800373740121813e-02 -7.076355887382846932e-01 -2.249424346143694686e-01 -5.613556147561887810e-01 -1.226873478579313170e+00 8.931004273044063080e-02 -4.556532666225154848e-01 -6.421007386230028757e-01 -6.097489017929492716e-01
6.390205267085614649e-01 -1.087726105260285570e+00 -8.463726345682703878e-01 -6.210612614280754951e-01 -7.358663947392919402e-01 -6.635227147662007240e-03 4.265803884797060852e-01 7.017566379359184703e-01 8.373726384898556585e-01
-4.072402144164747329e-01 -5.319668041131275782e-01 4.621739266016132164e-01 -4.122895177366577291e-01 1.965238295108354127e-01 2.870326343727170326e-01 -4.494140724958938238e-01 -7.254746004107714974e-01 -1.780004854281675097e+00
-5.600124263949468606e-01 8.214984173429005221e-01 -7.628644931352596137e-01 -3.922239789180630987e-01 -8.224138771436747541e-01 1.685032967921145652e-01 -4.174410297877491627e-01 -2.732157301974728059e-01 -1.531293148330765241e+00
-1.004844468349742337e-01 -6.196166938671407443e-02 -1.419428255816908846e-01 3.989576859719163454e-02 -6.849483338117684506e-01 2.871476536361424192e-01 -6.004735818000368486e-01 -2.818681236201110996e-01 -1.258227461783056889e+00
-4.348381495422428689e-01 2.556204856195791186e-01 -3.852922999765510947e-02 -6.617054685870640274e-01 -1.920584517991578422e-01 -5.340712855914369062e-01 3.154159637455675180e-01 -8.212184377181505068e-01 8.109746396694941795e-02
9.911070872662106068e-02 -1.001937323732057239e-01 -6.345856171561060632e-01 -6.884971170349696301e-01 -2.768638915878998130e-01 8.847953008386826301e-01 -8.897223237270278640e-01 -5.471767808063364713e-01 1.082525812476068827e+00
1.054452872646770289e-01 -6.134104579154214809e-01 -4.879241585479998089e-01 -4.228416169496939103e-01 -1.677925179822371132e-02 1.194933490298466933e-01 4.565645724654502358e-01 8.252319787481325955e-03 -1.407492854407155880e+00
7.207593822090557767e-01 3.826794002290257457e-01 -6.342443873057812542e-01 -4.876609315347908424e-01 6.179127401060119373e-01 -9.517724108787333215e-01 1.816650902294507097e-01 -5.752989754543348377e-01 4.931468685435108634e-01
-4.986274701638872542e-01 2.690390800988293751e-01 -7.194614822522173991e-01 -2.257380374361573627e-01 4.386796796392641307e-01 -1.778175623045351872e-01 -8.184546858222150334e-01 2.599621955968628995e-01 8.999788216724604606e-01
-6.130073228765817728e-01 -2.237505524258964484e-01 7.997982460510959513e-01 5.860828110079009390e-01 3.161856965084504090e-01 2.120896280015542590e-01 5.777710177843315975e-01 8.005668774255025877e-01 -9.947060827065759003e-01
-2.860241126410327239e-01 6.303962075276620114e-02 3.720067335488305704e-01 -8.280632977387093474e-01 -1.769144730364476670e-01 -6.110895774418579895e-01 -8.276004402435584162e-02 -6.879466664729168290e-02 -2.773192042158403869e-01
9.822963416597545183e-02 3.025020473314473657e-01 4.008427618079547783e-02 -3.475828735473028563e-02 -9.662803028186097709e-01 -8.827963440739809986e-01 -3.435633200948277621e-01 -8.571097018569239223e-01 -3.590662424965936905e-01
2.369640663045917417e-01 6.799726926361518431e-02 -4.498352096516332055e-01 3.135838271942467670e-01 -5.567431190626254134e-01 -1.327864928465108729e+00 4.848704458159905362e-01 -2.615450296214468229e-01 -7.052484436490826791e-01
-6.015861615054433065e-01 -9.092818110166129841e-01 -5.266805648231251968e-01 3.737533270857688605e-01 -8.987261206994946461e-01 -1.113267846938806649e+00 -2.084912289645378669e-01 -6.817131133329337733e-02 -4.545310075843885800e-01
-7.561997360613266217e-01 3.014980880156333254e-01 -1.746941322630059246e-01 3.715310108619128138e-01 -5.128965582177632543e-01 5.453260958468657271e-02 -6.043025874318009860e-01 -9.394929621973059364e-01 -2.278716381487873588e-01
-9.308290356473175597e-01 -4.756067899985223085e-02 -2.800604648641405459e-01 3.224221566406099693e-01 -4.987741537439089878e-01 8.297764815389621074e-01 -1.945783069841174884e-01 -1.861577215598984314e-01 1.020147751391627500e+00
2.644716318518163245e-01 -1.650212300588295711e-01 -5.614530245713843758e-03 -5.334309192864248317e-01 -1.883263449485577945e-01 -1.173108287958782192e+00 -6.707402199885338645e-02 -6.455487841962280759e-01 -7.824971931620730015e-01
-1.064793842688520176e+00 -3.414522161940414940e-02 -5.793929932744336098e-01 -1.293421678325434865e-02 2.739244345730621477e-01 -3.350075329808425706e-01 4.435776563247115223e-02 -8.137810467639112755e-01 7.098698060336734450e-01
-7.934900584188733230e-01 6.402955222023185566e-01 -6.521239583742109991e-01 -2.576711822337851565e-01 4.355142280622728568e-01 4.417846083451905104e-01 2.077044096008377472e-01 -2.479038236683296925e-01 6.551849116215191504e-01
5.539490718817713377e-01 -3.464547550421177013e-01 -6.021489164266041749e-02 -1.106124331067967592e+00 -3.685608099194223053e-01 -1.966982917575703094e-01 6.216665827046067294e-01 -9.523619522010298155e-01 5.094694657069852306e-02
1.183903650655834527e-01 2.672990862853028560e-01 -1.113640253458662910e+00 -6.968829425814673240e-01 -4.364801686365329392e-01 -1.343167981684923795e+00 2.679977890202713819e-01 5.515639472721135528e-01 -6.108672236765796404e-01
-8.417141478531127430e-02 -1.210411553750927877e-02 -6.094052863873550274e-01 -4.296687993092939695e-01 -6.460413683807519902e-02 6.780549484634482704e-01 -7.491888816691228969e-01 -3.578250190229959049e-01 1.283720550180289521e+00
-3.166042500187779551e-01 -1.013700318675105239e+00 -1.071642808569084560e+00 -6.542398178447856871e-01 -1.967932416057863176e-01 -2.303099086899408898e-01 5.861294716478018252e-01 4.697492055689221901e-01 -9.617063328954605916e-01
5.133264079314203698e-01 -5.350931236281140091e-01 -4.006842786491817687e-01 -4.265810665252172118e-01 -3.540732268168265140e-01 -8.181376389045703634e-01 -5.056138416646868139e-01 -1.082489523071157533e+00 5.743995787949067733e-01
-1.660493114791498914e-02 7.938288793749940231e-01 4.756684714356148591e-01 -9.816640491667287527e-02 4.555327158037661417e-01 3.015715358545176805e-01 -4.305600502230019222e-01 2.810549924458177404e-03 6.261777742327265805e-01
-5.446985655589343667e-01 -1.174007864541540602e+00 -7.392200975173781607e-01 4.491143553935414978e-01 6.258519692948047997e-01 -1.020843200465879202e-01 -8.980348256340621171e-01 2.284272891673164163e-01 -3.612388018356222363e-01
3.506910406259776125e-01 5.674057138238114417e-01 8.304176330026342701e-01 1.832377203002600319e-01 5.967620517920917411e-01 5.159249327675993202e-01 3.887027653366353364e-01 7.138974180474778608e-01 1.103374622713905184e+00
3.377833593318603222e-01 -5.850711247555654415e-01 -1.232759908754948563e+00 2.965387319050903914e-01 -2.036361804885436222e-01 -3.194477286007205152e-01 3.363857220209290344e-01 -1.299469437289595408e+00 1.965374744759527392e-01
